2.615158 0.623558 5.986112 
2.645183 0.622910 5.986420 
2.999674 1.543421 5.985351 
2.770651 2.322298 5.986797 
2.800821 2.321980 5.986953 
2.464636 2.664694 5.986607 
0.942190 0.236128 5.993637 
0.915518 0.268946 5.994212 
2.361673 0.293879 5.993911 
2.361729 0.324049 5.993698 
0.360342 0.724570 5.997043 
3.011475 1.593821 5.989351 
0.363712 2.344815 5.993631 
0.397486 2.396876 5.994723 
2.415708 2.697781 5.996977 
2.304151 2.773878 5.995528 
1.370974 0.079022 6.001901 
1.418674 0.093521 5.998401 
1.083418 0.193476 6.004238 
1.002367 0.234051 5.999819 
1.068350 0.237160 6.007125 
2.680094 0.681309 5.999299 
0.400265 0.692526 6.005528 
0.396244 0.730860 6.003685 
2.803858 0.791991 5.999804 
0.273680 0.941847 5.998234 
0.241713 0.969763 5.997955 
0.236868 1.024542 6.003338 
0.210197 1.057856 6.004196 
3.008251 1.496701 6.006874 
3.008408 1.525738 6.007016 
3.008463 1.554774 6.007187 
2.981974 1.689121 6.001811 
2.996174 1.737221 6.005371 
2.834866 2.252877 6.000629 
0.363813 2.347903 6.005054 
0.387016 2.374895 5.998574 
0.428045 2.405562 6.007125 
1.777920 2.959383 6.006825 
1.690752 2.967407 6.005873 
1.719805 2.967098 6.005697 
1.748857 2.963289 6.006261 
1.487448 2.973152 6.006666 
1.516540 2.976450 6.005688 
1.545618 2.979643 6.004721 
1.574655 2.979340 6.004495 
1.603687 2.978932 6.004309 
1.632700 2.975222 6.004804 
1.661722 2.971314 6.005339 
1.274874 0.108921 6.014471 
1.182779 0.169335 6.012354 
1.150001 0.196869 6.011664 
2.292917 0.259270 6.007869 
0.436186 0.660614 6.013188 
2.715219 0.740103 6.012269 
0.363830 0.791010 6.016763 
0.215864 1.123532 6.011831 
0.204910 1.172835 6.016027 
2.961454 1.176462 6.015318 
0.178652 1.206539 6.017006 
2.972608 1.205755 6.013083 
2.982962 1.235001 6.011008 
2.983017 1.264082 6.011089 
2.986570 1.293204 6.010429 
2.990227 1.322310 6.009788 
2.993879 1.351404 6.009147 
2.997435 1.380488 6.008527 
2.997488 1.409542 6.008648 
3.001142 1.438607 6.008037 
3.004698 1.467659 6.007466 
3.005018 1.583824 6.008101 
3.001472 1.612890 6.009036 
2.997929 1.641966 6.009980 
2.994484 1.671053 6.010924 
2.994539 1.700114 6.011146 
2.990995 1.729220 6.012110 
2.987450 1.758337 6.013095 
2.984007 1.787468 6.014079 
2.973764 1.816725 6.016479 
0.464868 2.436228 6.014831 
0.465341 2.465864 6.015144 
2.366480 2.731045 6.007408 
1.982027 2.906698 6.016305 
2.011183 2.906388 6.016218 
1.952753 2.918112 6.014131 
1.923519 2.929428 6.011978 
1.224878 2.936701 6.017308 
1.253996 2.936396 6.016981 
1.283392 2.947191 6.014401 
1.894323 2.940840 6.009834 
1.312735 2.957186 6.011979 
1.341890 2.960381 6.010942 
1.806997 2.955574 6.007390 
1.836086 2.951765 6.007975 
1.865164 2.951456 6.007847 
1.371038 2.963675 6.009918 
1.400171 2.966971 6.008907 
1.429228 2.966664 6.008640 
1.458345 2.969860 6.007643 
1.226475 0.094721 6.018081 
1.496599 0.149748 6.020244 
1.525745 0.149119 6.020184 
1.554888 0.148493 6.020135 
1.291906 0.153403 6.022382 
1.438465 0.158991 6.022153 
1.467541 0.154372 6.021194 
1.584129 0.151863 6.020974 
1.613386 0.155230 6.021826 
1.642654 0.158594 6.022686 
1.351114 0.168865 6.024212 
1.380218 0.164248 6.023222 
1.409380 0.163618 6.023123 
1.671936 0.161963 6.023556 
1.701105 0.161333 6.023557 
1.730410 0.164700 6.024447 
1.759731 0.168062 6.025347 
1.249971 0.172919 6.019881 
1.292854 0.178011 6.026200 
1.321987 0.173393 6.025190 
1.789062 0.171431 6.026257 
1.263710 0.182638 6.027220 
0.471727 0.598864 6.021166 
0.472202 0.628569 6.020898 
2.722235 0.638426 6.022947 
0.402731 0.695315 6.026187 
2.905830 1.000239 6.026659 
2.916984 1.029734 6.024355 
2.928137 1.059193 6.022061 
2.939291 1.088614 6.019776 
2.939348 1.117773 6.019808 
2.950399 1.147135 6.017573 
0.184740 1.273302 6.024825 
0.158590 1.307305 6.025876 
2.966074 1.833922 6.018041 
2.962719 1.846033 6.019040 
2.962774 1.875151 6.019322 
2.951933 1.904511 6.021883 
2.961775 1.902722 6.025471 
2.940889 1.933911 6.024475 
2.929846 1.963349 6.027087 
2.871386 2.144432 6.022067 
0.328562 2.279833 6.019199 
0.502373 2.496722 6.022919 
2.457540 2.691462 6.018094 
2.298155 2.765736 6.021721 
2.128717 2.860819 6.025027 
2.157957 2.860510 6.024990 
2.099276 2.872238 6.022805 
2.069876 2.883555 6.020613 
2.040510 2.894970 6.018410 
1.136415 2.904515 6.025140 
1.165941 2.915308 6.022509 
1.195433 2.926106 6.019889 
1.394609 0.131197 6.031122 
1.374668 0.170775 6.033007 
1.234520 0.183262 6.027370 
1.818680 0.181885 6.028743 
1.205385 0.194983 6.029965 
1.848385 0.193638 6.031506 
1.877619 0.193001 6.031565 
1.176228 0.208098 6.032880 
1.907383 0.204851 6.034378 
1.937200 0.216696 6.037200 
1.147022 0.221215 6.035801 
2.184864 0.221842 6.029731 
0.544157 0.534262 6.036723 
0.507839 0.566633 6.028925 
2.754099 0.840079 6.034031 
2.873268 0.911547 6.033460 
2.894720 0.941466 6.028981 
2.894777 0.970705 6.028953 
0.180296 1.390360 6.037063 
2.918905 1.992819 6.029689 
2.918959 2.022017 6.030011 
2.907919 2.051550 6.032654 
2.896875 2.081116 6.035316 
0.539499 2.527701 6.030735 
0.717802 2.685148 6.032887 
2.217459 2.818659 6.033359 
2.187694 2.838782 6.029342 
1.018379 2.872540 6.033472 
1.048037 2.883333 6.030800 
1.077658 2.894127 6.028139 
1.106855 2.893820 6.027751 
1.519701 0.128548 6.044285 
1.305435 0.138521 6.044488 
1.478281 0.148852 6.041887 
1.091774 0.159022 6.037831 
1.025675 0.160422 6.044711 
1.967052 0.228447 6.040022 
1.088505 0.234963 6.038934 
1.117781 0.234337 6.038743 
1.996954 0.240288 6.042875 
2.026274 0.239657 6.042984 
1.059204 0.248081 6.041897 
2.056234 0.251599 6.045867 
1.029850 0.261099 6.044848 
2.808453 0.791971 6.047073 
2.808508 0.821364 6.047007 
2.831062 0.851530 6.042268 
2.853414 0.881617 6.037599 
0.299145 0.893517 6.039187 
0.329533 0.892863 6.038736 
0.161291 1.432022 6.039658 
0.162191 1.494187 6.046523 
2.907976 2.036703 6.043373 
2.875635 2.111059 6.040108 
2.855894 2.141020 6.044579 
2.855951 2.170330 6.044952 
0.259630 2.172598 6.041780 
0.290083 2.172280 6.041144 
0.576731 2.558802 6.038561 
2.336817 2.750059 6.047135 
2.277334 2.773299 6.042497 
2.306723 2.772990 6.042498 
2.247354 2.796129 6.037887 
2.190342 2.803316 6.043950 
2.190407 2.803328 6.043955 
0.928831 2.832360 6.043142 
0.958141 2.832054 6.042714 
2.190401 2.833775 6.044530 
0.988260 2.851546 6.038251 
2.077608 0.184122 6.051420 
2.086582 0.269928 6.050171 
1.000460 0.274323 6.047843 
0.941614 0.294571 6.052510 
0.970982 0.293940 6.052260 
2.117187 0.291851 6.055284 
0.599764 0.500382 6.048472 
2.763143 0.731329 6.056630 
2.785799 0.761688 6.051842 
0.143495 1.536343 6.049228 
2.899275 2.100521 6.051511 
2.833811 2.200476 6.049946 
2.811274 2.230719 6.055051 
0.411913 2.407736 6.056116 
2.665710 2.441790 6.056193 
0.465414 2.473711 6.054360 
0.503019 2.495295 6.055743 
0.533125 2.524687 6.055579 
0.571032 2.546271 6.057009 
2.547773 2.562138 6.056765 
0.601334 2.575457 6.056915 
0.633694 2.590777 6.050439 
2.518263 2.592123 6.056946 
0.634174 2.620703 6.050810 
2.496622 2.629742 6.055530 
0.654043 2.642042 6.055144 
0.721361 2.693728 6.056373 
2.397238 2.703993 6.056497 
2.366991 2.727022 6.051821 
0.868082 2.788275 6.053187 
0.898500 2.810467 6.048129 
1.352598 2.928759 6.047480 
1.353098 2.959875 6.047953 
1.679880 0.156103 6.064324 
1.625948 0.165758 6.059497 
0.911999 0.317887 6.057764 
2.147865 0.313771 6.060405 
2.177317 0.313135 6.060565 
2.208109 0.335152 6.065728 
0.882309 0.341105 6.063021 
0.657682 0.436091 6.061109 
0.658159 0.466120 6.060781 
2.740292 0.700886 6.061467 
0.174004 1.629521 6.062447 
0.220705 2.065951 6.063601 
2.828674 2.187277 6.064588 
0.301355 2.218134 6.065493 
2.796339 2.214590 6.065239 
0.334215 2.244683 6.065824 
2.775412 2.253500 6.063505 
2.788732 2.261032 6.060156 
2.742874 2.280615 6.064207 
0.341234 2.298594 6.060811 
2.766193 2.291422 6.065282 
0.388906 2.309742 6.064196 
2.732538 2.329928 6.060326 
2.766249 2.320893 6.065705 
0.396114 2.363348 6.059261 
2.717768 2.374779 6.057377 
2.680685 2.397234 6.059072 
0.449419 2.429526 6.057437 
2.614201 2.450079 6.060848 
2.598921 2.494234 6.058059 
2.569511 2.524321 6.058209 
0.645544 2.590554 6.059654 
2.452282 2.645464 6.058731 
0.696197 2.655007 6.060474 
2.428202 2.663141 6.064820 
2.430439 2.682982 6.057376 
2.385996 2.698607 6.060627 
0.766279 2.708311 6.059260 
2.332376 2.705614 6.065725 
0.815639 2.718436 6.063076 
0.777538 2.743998 6.063863 
0.807009 2.743693 6.063384 
0.842882 2.750868 6.062416 
2.321028 2.753233 6.062262 
0.837583 2.765982 6.058275 
0.881781 2.771734 6.064101 
2.240522 2.793005 6.067090 
0.909323 2.803862 6.063520 
2.083488 2.871813 6.066629 
0.828375 0.280522 6.076061 
2.238989 0.357266 6.070919 
0.852552 0.364426 6.068297 
2.269939 0.379378 6.076122 
0.793180 0.388575 6.073913 
0.822714 0.387945 6.073613 
0.716375 0.401510 6.073527 
2.699739 0.669588 6.069983 
2.799078 1.006375 6.069928 
0.261496 1.061882 6.075305 
0.166239 1.683359 6.067540 
2.898960 2.017466 6.074492 
2.871981 2.050528 6.073942 
0.260153 2.076578 6.076566 
2.866594 2.105395 6.068929 
0.261751 2.136862 6.070330 
2.834364 2.132908 6.069521 
0.294424 2.163719 6.070594 
2.743612 2.351401 6.070862 
2.459137 2.626393 6.072316 
2.488779 2.626078 6.072385 
0.753315 2.685595 6.075650 
0.746845 2.721611 6.069013 
2.267208 2.760145 6.067411 
2.186104 2.799624 6.072350 
0.963625 2.809416 6.068322 
2.159117 2.832190 6.072099 
0.991264 2.841540 6.067771 
1.046163 2.846689 6.072680 
1.079336 2.873537 6.073243 
1.789579 0.195645 6.080161 
0.775473 0.366717 6.086022 
2.301495 0.409771 6.083166 
2.331123 0.409134 6.083375 
0.763233 0.412003 6.079252 
0.733038 0.443829 6.086440 
2.626776 0.577282 6.085473 
2.663328 0.608710 6.077751 
2.663385 0.638354 6.077626 
0.209722 1.790779 6.083632 
2.931856 1.868914 6.086240 
2.905277 1.902373 6.085589 
2.893845 1.951597 6.081751 
0.219959 1.995421 6.081397 
0.263586 2.010725 6.083899 
2.703276 2.382817 6.079726 
2.519899 2.589327 6.079898 
0.683447 2.645437 6.085754 
0.715097 2.681523 6.077794 
2.033026 2.829880 6.086072 
2.098946 2.833658 6.078524 
1.145201 2.868132 6.080340 
1.194467 2.879359 6.084105 
2.017542 2.873440 6.083523 
1.228043 2.905802 6.084777 
1.861818 0.201727 6.088592 
2.363197 0.445011 6.091625 
0.702629 0.481053 6.094808 
2.590122 0.545727 6.093225 
2.952906 1.768286 6.094387 
2.926428 1.802046 6.093668 
0.202478 1.845606 6.088899 
0.196333 1.896033 6.089779 
0.223682 1.928961 6.088839 
2.666941 2.414170 6.087747 
2.630506 2.445647 6.095819 
2.630564 2.475352 6.096284 
2.582521 2.515225 6.095091 
2.551145 2.552378 6.087480 
0.621965 2.609560 6.094296 
0.651668 2.609249 6.093765 
0.813494 2.718355 6.088207 
1.951019 2.869368 6.091203 
1.294907 2.900084 6.092029 
1.917986 2.896586 6.092187 
1.328772 2.926419 6.092768 
1.978319 0.246439 6.105692 
0.875849 0.328419 6.106962 
0.673975 0.360821 6.099341 
2.395395 0.480885 6.099914 
0.672106 0.518172 6.103195 
2.553369 0.514052 6.101005 
0.212496 1.260199 6.106535 
0.201857 1.289755 6.104125 
0.198326 1.319067 6.103220 
0.194792 1.348366 6.102325 
0.191257 1.377650 6.101439 
0.191725 1.406821 6.101412 
0.188192 1.436085 6.100546 
0.184656 1.465334 6.099691 
0.181124 1.494576 6.098845 
0.177587 1.523796 6.098011 
0.178053 1.552941 6.098032 
0.178522 1.582085 6.098062 
0.182993 1.611170 6.098949 
0.187464 1.640272 6.099847 
0.191935 1.669386 6.100753 
2.932026 1.684962 6.105133 
0.192402 1.698550 6.100824 
0.196873 1.727682 6.101751 
2.956800 1.741404 6.101503 
2.987921 1.741076 6.101711 
0.201242 1.756827 6.102670 
0.181082 1.786829 6.100030 
0.205717 1.785992 6.103616 
0.210188 1.815161 6.104573 
0.200348 1.828871 6.097329 
0.210657 1.844359 6.104695 
0.222235 1.873553 6.107166 
2.701174 2.385021 6.099051 
2.614908 2.458346 6.106742 
2.644834 2.458031 6.106859 
2.594030 2.507017 6.104407 
0.589998 2.573277 6.102349 
1.850862 2.892321 6.099969 
1.412035 2.905174 6.103263 
1.808752 2.911423 6.102752 
1.453611 2.924406 6.105487 
1.782797 0.101958 6.110920 
1.782856 0.133080 6.110653 
2.057365 0.257887 6.115428 
2.496859 0.451262 6.113078 
2.496916 0.481194 6.112904 
2.427723 0.516957 6.108254 
0.611639 0.556240 6.112015 
0.641455 0.555603 6.111645 
2.460188 0.553223 6.116637 
2.490068 0.552578 6.116896 
0.248030 1.141875 6.114799 
0.235998 1.171622 6.112054 
0.223961 1.201327 6.109319 
0.224430 1.230559 6.109230 
2.970249 1.539259 6.116232 
2.951147 1.581251 6.113860 
2.951433 1.643465 6.107396 
0.159510 1.684012 6.109040 
0.198996 1.704172 6.110572 
0.235212 1.902790 6.109944 
0.248197 1.932066 6.112732 
0.261179 1.961384 6.115539 
0.261644 1.990664 6.115701 
0.284567 1.994169 6.113356 
0.260797 2.032320 6.115200 
0.557899 2.536793 6.110454 
2.557295 2.538817 6.112571 
0.915342 2.753227 6.109283 
0.915834 2.783621 6.109706 
1.726305 2.893301 6.113576 
1.515839 2.923853 6.111813 
1.705881 2.932604 6.112041 
1.557913 2.942780 6.114151 
2.438005 0.418005 6.125467 
0.580809 0.593867 6.120517 
2.663074 0.605822 6.126881 
0.283659 1.023041 6.123253 
0.271526 1.052937 6.120459 
0.271997 1.082262 6.120320 
0.259966 1.112087 6.117546 
0.157656 1.558920 6.122327 
0.177713 1.600447 6.119723 
0.166464 1.773859 6.122123 
0.274631 2.020041 6.118528 
0.287514 2.049464 6.121347 
0.300598 2.078926 6.124204 
2.677607 2.398951 6.119002 
0.524418 2.480913 6.122555 
2.501265 2.571825 6.124776 
1.622528 2.914189 6.123008 
1.651468 2.912794 6.126599 
1.790529 2.923666 6.126124 
1.580927 2.934084 6.125700 
2.289474 0.323521 6.136501 
2.316374 0.356220 6.137031 
2.365475 0.367121 6.133031 
2.410173 0.382321 6.129941 
2.432375 0.419522 6.131451 
2.476774 0.434922 6.128441 
2.484573 0.486521 6.132931 
2.528574 0.502220 6.130001 
2.558374 0.531922 6.129991 
2.595974 0.554020 6.128411 
2.625673 0.583821 6.128441 
2.523533 0.599713 6.127720 
0.549522 0.642496 6.131495 
2.678373 0.650320 6.129921 
2.715673 0.672522 6.128421 
2.730875 0.717121 6.131511 
2.737373 0.770821 6.136431 
2.784874 0.782622 6.132831 
0.324322 0.962321 6.132385 
0.302191 0.992800 6.127437 
2.855446 1.294417 6.131790 
2.886576 1.293745 6.132166 
2.948969 1.391920 6.133687 
2.940676 1.445616 6.128970 
0.195578 1.452887 6.137304 
0.320089 2.108515 6.128430 
0.320558 2.137892 6.128651 
0.343756 2.167633 6.133684 
2.710592 2.339369 6.131243 
0.460554 2.422652 6.135797 
0.490583 2.422335 6.135214 
1.705202 2.920857 6.131224 
2.142374 0.230822 6.142491 
2.169674 0.263220 6.142901 
2.223873 0.269522 6.137861 
1.042681 0.284373 6.141474 
2.250873 0.302120 6.138361 
2.378752 0.384527 6.137964 
2.558000 0.658018 6.140999 
0.517742 0.702225 6.144898 
2.791273 0.836521 6.137821 
2.823873 0.863522 6.137351 
0.368208 0.871645 6.142531 
0.345982 0.902315 6.137532 
2.829973 0.918020 6.142441 
0.346453 0.931771 6.137343 
2.862274 0.945320 6.142031 
0.217752 1.353581 6.137668 
0.186256 1.398909 6.142258 
0.366857 2.197455 6.138717 
0.390058 2.227347 6.143769 
2.743792 2.279383 6.143570 
2.442438 2.605177 6.137555 
2.442495 2.635203 6.138082 
1.084293 2.822230 6.144354 
1.812998 2.877972 6.146424 
1.474993 2.895678 6.141117 
1.421093 2.904890 6.146201 
2.054874 0.197521 6.148311 
1.988974 0.202021 6.155711 
2.087673 0.224821 6.147621 
2.319096 0.350828 6.150561 
2.592689 0.716620 6.154369 
0.412863 0.810072 6.152598 
0.390537 0.840895 6.147559 
2.863174 1.005520 6.148291 
2.858774 1.071421 6.155661 
2.902174 1.087321 6.152971 
2.914349 1.229204 6.154167 
2.906565 1.283993 6.149269 
0.413053 2.256808 6.149427 
0.413931 2.286852 6.149133 
0.437235 2.316935 6.154246 
0.426407 2.363777 6.148546 
2.383367 2.668864 6.150972 
1.867826 2.885521 6.151225 
1.906673 0.163222 6.160491 
1.939974 0.190121 6.159691 
0.443016 0.749052 6.159645 
0.455603 0.762915 6.158806 
0.485760 0.762264 6.158394 
0.443487 0.778687 6.159407 
2.897474 1.153820 6.160471 
2.924374 1.187121 6.161301 
0.233084 1.217245 6.166282 
0.226435 1.289644 6.157815 
2.929859 1.437577 6.166826 
2.933912 1.466744 6.166105 
2.937969 1.495896 6.165394 
2.938024 1.525042 6.165556 
2.938080 1.554190 6.165728 
2.934133 1.583355 6.166773 
2.779398 2.177746 6.164431 
2.809797 2.177426 6.164605 
0.392044 2.304503 6.161397 
0.468950 2.347307 6.161140 
2.323839 2.702736 6.163945 
1.311941 2.864212 6.162222 
1.837469 2.877644 6.167155 
1.866667 2.877335 6.167027 
1.779074 2.886263 6.165741 
1.808266 2.881951 6.166443 
1.458258 2.897654 6.166320 
1.662424 2.899500 6.163891 
1.691568 2.895190 6.164544 
1.720732 2.894881 6.164366 
1.749895 2.890572 6.165049 
1.487478 2.901348 6.165213 
1.516687 2.905043 6.164125 
1.545885 2.908736 6.163039 
1.575029 2.908432 6.162812 
1.604174 2.908121 6.162595 
1.633291 2.903811 6.163237 
1.806173 0.141321 6.168941 
1.839674 0.168122 6.168071 
2.217785 0.283980 6.172044 
2.217842 0.314381 6.171823 
2.359018 0.463434 6.168758 
0.515253 0.685194 6.175623 
0.479137 0.717186 6.167614 
2.627594 0.775614 6.167841 
2.657864 0.774966 6.168148 
0.423319 0.823355 6.172415 
2.885870 1.174349 6.175364 
2.898422 1.203783 6.172728 
2.909576 1.233160 6.170403 
2.919474 1.254221 6.168891 
2.909632 1.262354 6.170477 
2.913687 1.291594 6.169696 
2.938173 1.296520 6.171521 
2.917742 1.320820 6.168925 
2.921696 1.350033 6.168185 
2.925749 1.379233 6.167434 
2.925806 1.408400 6.167556 
2.930189 1.612532 6.167828 
2.926245 1.641726 6.168893 
2.922302 1.670929 6.169969 
2.922357 1.700102 6.170191 
2.918413 1.729326 6.171286 
2.914469 1.758566 6.172392 
2.910524 1.787817 6.173507 
2.899483 1.817206 6.176159 
0.506079 2.377920 6.169166 
0.543104 2.408663 6.177211 
2.017031 2.804262 6.174478 
1.984054 2.827564 6.176897 
2.013334 2.827254 6.176820 
2.055071 2.828245 6.175968 
1.954641 2.840380 6.174338 
1.239597 2.857294 6.170923 
1.253015 2.860295 6.176784 
1.925276 2.853098 6.171810 
1.223782 2.860604 6.177123 
1.895945 2.865917 6.169271 
1.282560 2.872393 6.173837 
1.312040 2.883187 6.171157 
1.341326 2.886881 6.169999 
1.370592 2.890574 6.168852 
1.399851 2.894266 6.167714 
1.429022 2.893959 6.167437 
1.681374 0.141621 6.182221 
1.722673 0.161421 6.179811 
1.498606 0.230311 6.183152 
1.527870 0.229578 6.183061 
1.557136 0.228949 6.183009 
1.440214 0.239561 6.185110 
1.469414 0.234934 6.184111 
1.586512 0.232414 6.183891 
1.615900 0.235775 6.184781 
1.645302 0.239138 6.185681 
1.352474 0.249539 6.187251 
1.381708 0.244814 6.186220 
1.410997 0.244187 6.186120 
1.674711 0.242707 6.186613 
1.704010 0.242073 6.186613 
0.551573 0.653067 6.183680 
2.835699 1.026877 6.186002 
2.857901 1.041788 6.179503 
2.848154 1.056496 6.183327 
2.833662 1.079626 6.178026 
2.860708 1.086077 6.180642 
0.278471 1.101206 6.183071 
2.860762 1.115359 6.180665 
2.873316 1.144877 6.178010 
2.919174 1.378922 6.182171 
2.958374 1.399620 6.180471 
2.887140 1.846653 6.179102 
2.887196 1.875891 6.179384 
2.874754 1.905403 6.182367 
2.862310 1.934958 6.185361 
0.354475 2.203942 6.182744 
0.493246 2.404879 6.179230 
0.580429 2.439524 6.185316 
0.580910 2.469343 6.185656 
2.223026 2.739475 6.185553 
2.101885 2.788794 6.184593 
2.072327 2.801613 6.182005 
2.042812 2.814436 6.179408 
1.134817 2.824120 6.186137 
1.164514 2.836214 6.183138 
1.194166 2.848408 6.180119 
1.577373 0.121821 6.191341 
1.619175 0.141321 6.188821 
1.733442 0.245436 6.187553 
1.762892 0.248898 6.188493 
1.293964 0.258888 6.189341 
1.323225 0.254166 6.188291 
1.792448 0.254854 6.190036 
1.235388 0.266747 6.191154 
1.264709 0.266115 6.190993 
1.822256 0.266705 6.192920 
1.206135 0.279963 6.194177 
1.852102 0.278647 6.195832 
1.881473 0.278015 6.195892 
1.176840 0.293078 6.197210 
0.587614 0.590929 6.192066 
0.588093 0.620817 6.191779 
2.695869 0.867958 6.189137 
0.389568 0.918188 6.193601 
2.803936 0.937941 6.192850 
2.803991 0.967324 6.192824 
2.823046 0.997214 6.188716 
0.290436 1.022133 6.192763 
2.939073 1.482922 6.191261 
2.958574 1.524721 6.193791 
2.849968 1.964548 6.188354 
2.837526 1.994189 6.191379 
2.837583 2.023514 6.191712 
2.825041 2.053215 6.194756 
0.618444 2.500393 6.193812 
2.190908 2.746130 6.193352 
2.131613 2.769469 6.188592 
2.160997 2.769160 6.188553 
1.015856 2.781348 6.197058 
1.045752 2.799818 6.193586 
1.075754 2.812235 6.189564 
1.105081 2.811926 6.189186 
1.123594 2.811381 6.188202 
1.483574 0.150521 6.204201 
1.331049 0.198511 6.201328 
1.331547 0.229639 6.200920 
2.050035 0.242760 6.207128 
1.911379 0.289961 6.198834 
1.147499 0.306296 6.200264 
1.941334 0.301899 6.201797 
1.088718 0.320250 6.203538 
1.118128 0.319618 6.203329 
1.971327 0.313744 6.204739 
1.059278 0.333473 6.206623 
0.793997 0.443741 6.204107 
0.745829 0.456484 6.200175 
0.738823 0.508110 6.205067 
0.694416 0.524275 6.201945 
0.635019 0.557732 6.202516 
0.672846 0.562186 6.203757 
0.628637 0.578348 6.200684 
0.607267 0.616461 6.202556 
0.577944 0.646925 6.202704 
0.563303 0.691597 6.206037 
0.526230 0.714621 6.204545 
0.474934 0.782709 6.206545 
0.446119 0.813866 6.206887 
2.758530 0.877665 6.202709 
2.781183 0.907839 6.197780 
2.849623 2.009207 6.199051 
2.806101 2.083163 6.199216 
2.783560 2.113289 6.204461 
0.666992 2.531952 6.204348 
2.250952 2.700169 6.202967 
2.220892 2.723198 6.198150 
0.985540 2.759053 6.202285 
1.044847 2.799210 6.198122 
1.376268 2.867617 6.204192 
1.429874 0.141720 6.209061 
1.021463 0.308321 6.214595 
2.001369 0.325785 6.207723 
2.030823 0.325152 6.207842 
0.994482 0.341141 6.215153 
1.029791 0.346794 6.209737 
2.061212 0.342680 6.212113 
0.955389 0.362803 6.213158 
1.000229 0.365614 6.214119 
0.928717 0.395815 6.213796 
0.874441 0.403176 6.208567 
0.847872 0.436289 6.209234 
0.693624 0.523596 6.215323 
0.511797 0.759592 6.207978 
2.712768 0.787543 6.212721 
2.712824 0.817084 6.212645 
2.735777 0.847414 6.207658 
0.439842 0.866873 6.212113 
0.407463 0.894499 6.211705 
0.402311 0.948984 6.217246 
0.370237 0.976904 6.216909 
2.735273 0.973818 6.212998 
2.919273 1.630221 6.208971 
2.927874 1.684321 6.213901 
2.761022 2.143490 6.209715 
2.761076 2.172949 6.210099 
2.738439 2.203268 6.215394 
0.726656 2.564066 6.217218 
2.340883 2.653589 6.212698 
2.278933 2.678683 6.210306 
2.281053 2.677033 6.207796 
2.310629 2.676724 6.207822 
0.895193 2.714680 6.213239 
0.925695 2.737070 6.207961 
0.955154 2.736759 6.207532 
1.321573 0.183121 6.224761 
1.089987 0.313677 6.222818 
2.091900 0.364802 6.217436 
0.941059 0.389660 6.219806 
0.970585 0.389031 6.219556 
2.122665 0.386914 6.222778 
0.911291 0.413082 6.225283 
2.658659 0.726233 6.224550 
2.689913 0.757097 6.217729 
2.711050 0.819716 6.217711 
0.355011 1.025948 6.217654 
0.365297 1.031786 6.222541 
0.318026 1.044607 6.218899 
0.320841 1.107538 6.226284 
0.294279 1.141051 6.227223 
0.311644 2.036894 6.217755 
2.715700 2.233664 6.220710 
2.692961 2.264136 6.226056 
2.402372 2.585097 6.227154 
2.371489 2.622046 6.219358 
0.833954 2.669695 6.223866 
0.864613 2.692187 6.218547 
2.055731 2.780916 6.221046 
1.266874 0.174820 6.229791 
1.272009 0.249323 6.236262 
1.189455 0.289431 6.231322 
1.156576 0.317171 6.230625 
2.153511 0.409127 6.228151 
2.183113 0.408486 6.228310 
0.881456 0.436705 6.230791 
2.214073 0.430704 6.233714 
0.851543 0.460232 6.236308 
0.752531 0.489241 6.228221 
2.622007 0.695042 6.232524 
2.775141 1.081063 6.237164 
0.300260 1.207312 6.235340 
2.886173 1.793221 6.229701 
2.661924 2.295035 6.233201 
2.661982 2.324669 6.233636 
2.433384 2.548147 6.234987 
0.786629 2.596394 6.230176 
2.429424 2.597876 6.237008 
0.787115 2.626547 6.230558 
0.773168 2.639216 6.231458 
0.802799 2.638907 6.230966 
1.256544 0.293112 6.239241 
0.811342 0.424402 6.241554 
0.811829 0.454672 6.241205 
2.245121 0.453112 6.239168 
0.791861 0.484492 6.242155 
0.821552 0.483849 6.241846 
2.585453 0.663731 6.240517 
2.629229 0.666651 6.242086 
0.497969 0.721750 6.244576 
0.289307 1.135557 6.242458 
0.320070 1.134897 6.241984 
0.306345 1.274077 6.243549 
0.280100 1.308180 6.244601 
2.878673 1.865320 6.238191 
2.625444 2.355969 6.241967 
2.464518 2.510998 6.242869 
2.494341 2.510685 6.242947 
0.741568 2.602930 6.239727 
0.847393 2.659170 6.243594 
1.078974 0.229521 6.255391 
1.397106 0.247475 6.250119 
1.116674 0.254021 6.253741 
1.356089 0.268072 6.247733 
2.277000 0.487692 6.247401 
0.761534 0.520605 6.250567 
2.309090 0.523766 6.255992 
2.338901 0.523127 6.256220 
2.511490 0.570833 6.256815 
2.548544 0.602467 6.248703 
2.548601 0.632290 6.248569 
0.278131 1.367003 6.251066 
0.259031 1.408667 6.253780 
2.831675 1.980921 6.255241 
2.588911 2.387394 6.250338 
2.525667 2.473328 6.250878 
0.677988 2.530154 6.256399 
0.709845 2.566639 6.248048 
0.745214 2.590403 6.251401 
1.522196 0.244822 6.263955 
1.480780 0.265229 6.261456 
0.904726 0.386923 6.261779 
0.731062 0.558029 6.259297 
2.371183 0.559395 6.264863 
0.286695 1.286967 6.267189 
0.280561 1.316487 6.265674 
0.276928 1.345915 6.264738 
0.273401 1.375326 6.263804 
0.273868 1.404631 6.263775 
0.270138 1.434025 6.262851 
0.266603 1.463404 6.261955 
0.263069 1.492768 6.261070 
0.279825 1.491034 6.265366 
0.259439 1.522124 6.260196 
0.259909 1.551392 6.260217 
0.260477 1.580660 6.260267 
0.264952 1.609877 6.261174 
0.269421 1.639105 6.262113 
0.273897 1.668349 6.263059 
0.274362 1.697640 6.263130 
2.897119 1.717535 6.258748 
0.278933 1.726898 6.264097 
0.283409 1.756171 6.265074 
0.287987 1.785462 6.266061 
2.818674 2.059721 6.265021 
2.552179 2.418944 6.258761 
2.557581 2.424961 6.261174 
2.515243 2.450625 6.267224 
0.616121 2.493883 6.265344 
0.646009 2.493569 6.264801 
0.942226 2.693463 6.263954 
1.758984 0.192841 6.267865 
2.463436 0.538519 6.267341 
0.700464 0.595547 6.268036 
2.403597 0.595762 6.273554 
0.669746 0.633274 6.276846 
0.322525 1.168234 6.275781 
0.310390 1.198078 6.272917 
0.310863 1.227446 6.272828 
0.298733 1.257231 6.269994 
0.261034 1.533194 6.268171 
0.295061 1.814755 6.267630 
0.295534 1.844080 6.267759 
0.308617 1.873410 6.270647 
0.321598 1.902781 6.273545 
0.334680 1.932192 6.276462 
0.482687 2.334700 6.274791 
2.590128 2.365483 6.273818 
0.550203 2.386481 6.275939 
2.528059 2.423540 6.277096 
0.583279 2.446200 6.276113 
0.603910 2.452551 6.274164 
2.498449 2.453730 6.277247 
0.641817 2.474234 6.275664 
2.515299 2.480511 6.267710 
2.476713 2.491648 6.275713 
0.672224 2.503622 6.275570 
0.739649 2.555704 6.276790 
2.358379 2.612398 6.276446 
1.654905 0.248118 6.279305 
1.628456 0.282324 6.279957 
1.011000 0.348116 6.284766 
2.404283 0.505480 6.280240 
2.436140 0.632330 6.282297 
0.608900 0.671847 6.286079 
0.638899 0.671206 6.285698 
0.358446 1.048992 6.284584 
0.358921 1.078451 6.284436 
0.346685 1.108425 6.281531 
0.334654 1.138352 6.278666 
0.291738 1.626463 6.282061 
0.227930 1.748713 6.278435 
0.259060 1.748381 6.277764 
0.347864 1.961645 6.279390 
0.348333 1.991059 6.279571 
0.361422 2.020575 6.282518 
0.374609 2.050131 6.285496 
2.701002 2.177637 6.283821 
0.430155 2.205807 6.283741 
2.668470 2.204954 6.284534 
0.463133 2.232558 6.284104 
2.661570 2.257933 6.279660 
0.470343 2.286467 6.278870 
2.632465 2.288819 6.279632 
2.622892 2.305699 6.286550 
2.653055 2.305380 6.286685 
2.595289 2.311472 6.281388 
0.534307 2.341994 6.279235 
2.580414 2.356327 6.278299 
2.543138 2.378989 6.280085 
0.587917 2.408369 6.277381 
2.432371 2.507368 6.279054 
0.716844 2.518515 6.278507 
2.467470 2.512963 6.278576 
2.410435 2.545088 6.277570 
0.784569 2.570389 6.279826 
2.365892 2.560814 6.280972 
0.807472 2.607378 6.278167 
2.310106 2.624657 6.280641 
0.838472 2.636357 6.278220 
2.256189 2.631571 6.286040 
0.891485 2.642929 6.282988 
2.229303 2.664435 6.285680 
0.918932 2.675459 6.282318 
1.001076 2.713335 6.286758 
1.049986 2.728625 6.287050 
1.766371 2.831156 6.282050 
1.766432 2.862280 6.282663 
1.764307 0.287764 6.295913 
0.855774 0.374121 6.293641 
2.344774 0.442057 6.293412 
2.344831 0.472218 6.293229 
2.470560 0.693230 6.296628 
2.500662 0.692580 6.296907 
0.398512 0.988146 6.293887 
0.376181 1.018706 6.288729 
0.283972 1.680205 6.287383 
2.816568 1.932074 6.297309 
2.789686 1.965338 6.296689 
2.791880 2.028334 6.289702 
2.744509 2.040690 6.293604 
0.336159 2.058275 6.290696 
0.393301 2.079798 6.289694 
0.368931 2.085333 6.290971 
2.739126 2.095555 6.288341 
0.416599 2.109577 6.294907 
0.390360 2.124441 6.288760 
2.706690 2.123167 6.288984 
0.417074 2.139105 6.295129 
0.423334 2.151394 6.289093 
0.549574 2.387421 6.289259 
2.408441 2.546183 6.291854 
2.174986 2.671248 6.291170 
0.973337 2.681011 6.287369 
2.148001 2.704014 6.290849 
1.055967 2.718483 6.291927 
2.108709 2.725291 6.293137 
2.081425 2.757857 6.292897 
1.068510 2.765820 6.288137 
1.131514 2.763354 6.294988 
1.164881 2.790097 6.295609 
1.832880 0.290718 6.304016 
2.285021 0.408497 6.306479 
0.577196 0.734272 6.300568 
0.442791 0.897181 6.304462 
0.443270 0.926787 6.304264 
0.420841 0.957506 6.299065 
0.302034 1.761030 6.298535 
0.294584 1.815455 6.303988 
2.811144 1.865607 6.305058 
0.345880 1.923226 6.306758 
0.342052 1.989689 6.298948 
0.440367 2.168999 6.300370 
0.440386 2.169008 6.300371 
0.463877 2.198977 6.305662 
2.686121 2.245295 6.299493 
0.515657 2.328341 6.302497 
2.349111 2.579611 6.305223 
2.012987 2.751799 6.301358 
1.231348 2.784384 6.303194 
1.118668 0.308859 6.308039 
2.535213 0.751381 6.310749 
0.545355 0.794604 6.314565 
0.487848 0.835428 6.314987 
0.465221 0.866347 6.309700 
2.832294 1.764878 6.313596 
2.805719 1.798739 6.312856 
0.278717 1.807436 6.313068 
0.322443 1.823038 6.315659 
0.318327 1.890200 6.307719 
0.487284 2.229025 6.310954 
0.510786 2.259150 6.316267 
0.451248 2.269083 6.316461 
0.481512 2.268765 6.315855 
0.511267 2.288840 6.316548 
1.946464 2.747629 6.309419 
1.159054 2.764195 6.310450 
1.298210 2.778666 6.310826 
1.913334 2.775049 6.310414 
1.159548 2.794962 6.310893 
1.332178 2.805105 6.311575 
1.830423 2.814345 6.315937 
2.190769 0.372730 6.326990 
0.701775 0.454722 6.318151 
0.522671 0.803747 6.322950 
2.569992 0.810576 6.324723 
2.854345 1.664541 6.322040 
0.277666 1.682335 6.327038 
2.834841 1.706038 6.319678 
0.298017 1.723459 6.324444 
2.721106 2.150669 6.319627 
0.547285 2.319374 6.324627 
2.607174 2.357321 6.317851 
2.289389 2.613249 6.318685 
2.289446 2.643517 6.319233 
1.846210 2.770685 6.318575 
1.391043 2.807394 6.317536 
1.663084 2.817580 6.326247 
1.692358 2.813267 6.326948 
1.721655 2.812956 6.326770 
1.432619 2.826727 6.319878 
1.516714 2.823225 6.326416 
1.546038 2.827021 6.325298 
1.575312 2.826710 6.325071 
1.604582 2.826302 6.324873 
1.633825 2.821890 6.325554 
1.990406 0.372210 6.330550 
0.558519 0.742045 6.331507 
0.558996 0.771864 6.331259 
0.513311 0.855238 6.328665 
2.812738 1.201620 6.336562 
2.825394 1.231150 6.333807 
2.825449 1.260479 6.333880 
2.832106 1.289881 6.332478 
2.836258 1.319237 6.331669 
2.840315 1.348578 6.330869 
2.844469 1.377905 6.330079 
2.844522 1.407202 6.330202 
2.848577 1.436507 6.329432 
2.852632 1.465801 6.328672 
2.856687 1.495083 6.327942 
2.856844 1.524359 6.328084 
2.853578 1.539912 6.335657 
2.856897 1.553633 6.328257 
2.834379 1.581908 6.333185 
2.852854 1.582924 6.329343 
2.848909 1.612231 6.330439 
2.844965 1.641550 6.331545 
2.840822 1.670883 6.332681 
2.840877 1.700184 6.332904 
2.836935 1.729538 6.334040 
2.832889 1.758906 6.335196 
2.826347 1.788325 6.336934 
0.373697 1.960367 6.328946 
0.414453 2.175513 6.337070 
0.584610 2.350062 6.333003 
1.927133 2.766760 6.335476 
1.897669 2.779679 6.332808 
1.311102 2.798477 6.334308 
1.746561 2.794733 6.327622 
1.809572 2.799820 6.328964 
1.838919 2.792908 6.330288 
1.868246 2.792597 6.330160 
1.340578 2.804770 6.332535 
1.369976 2.808565 6.331347 
1.515200 2.806391 6.330768 
1.750948 2.808546 6.327492 
1.780252 2.804232 6.328223 
1.399359 2.812256 6.330169 
1.428663 2.811947 6.329890 
1.458029 2.815840 6.328702 
1.487375 2.819531 6.327555 
1.705366 2.814924 6.330314 
1.557276 2.825419 6.333208 
2.525274 0.625021 6.347301 
0.595037 0.709971 6.339875 
2.607046 0.896395 6.344795 
2.774723 1.083365 6.344862 
2.774778 1.112780 6.344876 
2.787533 1.142435 6.342091 
2.800188 1.172049 6.339318 
0.275816 1.557242 6.340997 
0.295973 1.598770 6.338292 
2.813906 1.817871 6.339988 
2.801363 1.847454 6.343072 
2.801416 1.876827 6.343355 
2.788877 1.906475 6.346469 
0.388010 2.038365 6.339411 
2.757051 2.043123 6.342520 
0.622040 2.380863 6.341408 
2.195627 2.679537 6.340093 
2.074871 2.714768 6.346185 
2.045219 2.727785 6.343459 
1.162857 2.749708 6.347090 
1.986189 2.741019 6.340821 
2.015604 2.740708 6.340742 
1.956642 2.754042 6.338124 
1.192652 2.762005 6.343951 
1.222403 2.774296 6.340822 
1.251774 2.773989 6.340473 
1.281462 2.786280 6.337376 
1.622015 2.796410 6.341841 
1.650829 2.795229 6.346325 
1.580412 2.816408 6.344633 
1.559420 0.310290 6.347831 
1.471310 0.316279 6.348971 
1.500622 0.311554 6.347941 
1.530020 0.310921 6.347881 
1.588928 0.313753 6.348751 
1.618439 0.317211 6.349681 
1.383215 0.326271 6.351161 
1.412632 0.325636 6.351062 
1.441978 0.320906 6.350011 
1.647968 0.320570 6.350621 
1.677515 0.324032 6.351572 
1.706936 0.323395 6.351581 
1.736502 0.326859 6.352552 
1.766079 0.330319 6.353543 
1.324474 0.335724 6.353323 
1.353855 0.330996 6.352232 
1.795916 0.340361 6.356116 
2.083616 0.335892 6.350305 
1.295086 0.340456 6.354414 
1.236280 0.352310 6.357228 
1.265736 0.351675 6.357078 
2.213373 0.397822 6.356771 
2.110872 0.420231 6.349339 
2.240475 0.430521 6.357301 
2.293274 0.438021 6.352321 
2.323873 0.467421 6.352141 
2.346273 0.504721 6.353721 
2.390974 0.520022 6.350491 
2.413275 0.557520 6.352121 
2.457674 0.573021 6.348991 
2.487574 0.602921 6.348991 
0.668470 0.645430 6.356738 
2.540573 0.669522 6.350491 
0.631651 0.677769 6.348282 
2.578073 0.691820 6.348861 
2.593374 0.736521 6.352101 
2.644875 0.744520 6.347431 
2.656673 0.792921 6.351471 
2.663074 0.846920 6.356691 
2.695675 0.874121 6.356191 
0.449755 0.943423 6.349344 
0.480202 0.942772 6.348913 
2.731062 0.993931 6.354577 
2.749315 1.023886 6.350491 
2.762068 1.053644 6.347667 
2.832102 1.392575 6.354013 
0.279869 1.424771 6.356396 
2.823807 1.446268 6.349066 
0.314032 1.451206 6.356764 
2.776335 1.936169 6.349603 
2.763895 1.965897 6.352718 
2.751251 1.995674 6.355873 
2.751306 2.025135 6.356216 
0.659672 2.411799 6.349871 
2.134626 2.673109 6.355122 
2.164156 2.672798 6.355103 
2.104673 2.696240 6.350145 
1.073688 2.725435 6.353788 
1.103146 2.725123 6.353399 
1.133028 2.737517 6.350220 
1.704569 2.803293 6.351181 
2.065174 0.305321 6.363191 
1.825865 0.352309 6.359119 
2.077074 0.352822 6.366941 
2.131775 0.358820 6.361561 
1.206892 0.365629 6.360383 
1.855848 0.364352 6.362172 
1.885353 0.363716 6.362231 
1.177458 0.378950 6.363558 
1.915403 0.375756 6.365305 
1.147983 0.392273 6.366732 
2.159075 0.391522 6.362051 
2.685299 0.903998 6.364852 
2.701975 0.928520 6.361511 
2.708153 0.934256 6.359713 
2.734474 0.955820 6.361041 
2.708208 0.963789 6.359687 
2.755375 0.995322 6.363171 
2.787674 1.022921 6.362781 
2.814844 1.311514 6.364723 
2.793421 1.934275 6.365697 
2.824190 1.933949 6.365888 
2.733168 2.055142 6.360637 
0.376429 2.069050 6.360474 
2.710428 2.085346 6.366092 
0.697502 2.442860 6.358375 
0.697985 2.472861 6.358726 
2.224365 2.626435 6.365136 
2.194225 2.649666 6.360110 
1.013140 2.685045 6.363642 
1.043535 2.707539 6.358215 
2.088915 2.716679 6.363778 
1.474478 2.777697 6.360839 
1.785582 2.785681 6.361657 
1.840017 2.793432 6.366639 
1.447908 2.811859 6.360480 
1.975105 0.267853 6.374156 
1.969074 0.279822 6.371111 
1.975164 0.298626 6.373917 
2.002273 0.306921 6.370321 
1.945507 0.387900 6.368398 
1.975637 0.399838 6.371470 
1.088928 0.406332 6.370147 
1.118475 0.405695 6.369938 
1.059347 0.419657 6.373372 
2.006044 0.416561 6.375686 
2.035644 0.415924 6.375805 
0.729198 0.581255 6.370885 
0.729681 0.611365 6.370577 
2.639292 0.843249 6.375227 
2.662247 0.873661 6.370040 
2.646011 1.002762 6.369560 
2.676638 1.002100 6.369897 
0.415493 1.051462 6.374299 
2.780973 1.091320 6.371061 
2.822832 1.257122 6.369811 
0.320145 1.315605 6.372751 
2.687689 2.115633 6.371567 
2.664850 2.145993 6.377063 
0.760347 2.504923 6.372655 
0.760376 2.504935 6.372657 
2.284887 2.579764 6.375295 
2.314577 2.579451 6.375315 
2.254587 2.603201 6.370191 
0.922512 2.640274 6.375037 
0.952124 2.639963 6.374587 
0.982670 2.662554 6.369099 
1.338957 2.771078 6.377281 
1.835674 0.289421 6.386921 
1.902674 0.284420 6.378961 
1.029707 0.437674 6.377701 
2.066421 0.438244 6.381340 
0.999981 0.461392 6.383379 
2.097275 0.460657 6.386936 
0.788305 0.547041 6.384252 
2.616182 0.783066 6.380520 
2.616239 0.812762 6.380435 
2.776174 1.157822 6.378931 
2.803274 1.191221 6.379781 
0.323645 1.247050 6.380883 
2.841774 1.274521 6.384981 
0.337961 1.961191 6.384178 
2.664907 2.175606 6.377457 
2.642069 2.206082 6.382993 
0.820532 2.537100 6.386092 
2.345377 2.543703 6.383141 
0.861107 2.594992 6.386094 
0.891851 2.617682 6.380556 
1.270441 2.767323 6.385637 
1.701975 0.239521 6.396541 
1.743275 0.259421 6.394031 
1.802074 0.262520 6.387811 
0.940502 0.485649 6.389317 
0.970175 0.485016 6.389057 
2.128210 0.483067 6.392517 
0.910583 0.509371 6.395025 
2.543777 0.720703 6.396867 
2.580631 0.751971 6.388543 
2.716215 1.109547 6.394957 
2.745184 1.111315 6.394160 
2.798275 1.258221 6.387761 
2.821375 1.358221 6.396471 
2.619028 2.236639 6.388580 
2.583795 2.267773 6.396899 
0.584461 2.307444 6.390975 
2.376337 2.506552 6.391296 
0.829683 2.559902 6.394376 
1.985563 2.715124 6.390420 
1.980802 2.754252 6.387756 
2.159220 0.505472 6.398130 
2.188978 0.504833 6.398299 
0.847809 0.512596 6.397747 
2.220106 0.527342 6.403955 
0.880592 0.533093 6.400762 
0.850519 0.557020 6.406552 
2.506824 0.689314 6.405219 
2.731554 1.033018 6.404205 
0.406221 1.089895 6.406855 
0.380850 1.160710 6.399531 
2.841173 1.399620 6.398991 
2.547060 2.299082 6.405570 
2.547117 2.328898 6.406016 
2.407423 2.469202 6.399478 
0.768261 2.523827 6.403468 
0.798075 2.523512 6.402965 
0.881105 2.569494 6.399639 
2.063723 2.701252 6.400230 
1.577373 0.239121 6.410431 
1.619175 0.258721 6.407811 
0.934000 0.476027 6.417107 
2.252310 0.566408 6.413509 
0.790260 0.598074 6.416547 
0.820124 0.597430 6.416226 
2.469671 0.657795 6.413631 
2.821773 1.482922 6.410351 
2.841373 1.524721 6.412981 
2.510183 2.360396 6.414748 
2.469971 2.394095 6.415989 
2.499975 2.393778 6.416076 
2.438635 2.431750 6.407710 
0.736456 2.487139 6.412138 
1.113604 2.684084 6.412300 
1.483574 0.268021 6.423961 
0.834911 0.539574 6.424858 
0.812929 0.577296 6.426649 
0.768228 0.593367 6.423316 
2.432260 0.596140 6.422236 
2.284483 0.602680 6.422444 
2.432318 0.626148 6.422083 
0.746347 0.631186 6.425168 
0.759718 0.635794 6.425628 
0.716623 0.661455 6.425237 
0.695055 0.699667 6.427171 
0.599256 0.784327 6.426001 
0.455061 0.969710 6.425331 
0.352987 1.431938 6.427092 
0.349455 1.461447 6.426156 
0.345821 1.490942 6.425233 
0.342184 1.520420 6.424318 
0.342201 1.520434 6.424319 
0.342665 1.549826 6.424340 
0.343138 1.579226 6.424371 
0.347711 1.608568 6.425337 
0.352186 1.637926 6.426314 
0.356760 1.667298 6.427301 
2.473148 2.392023 6.423521 
0.704531 2.450354 6.420849 
0.968622 2.603102 6.419123 
0.969110 2.633547 6.419525 
1.429874 0.259220 6.429051 
1.007803 0.468500 6.436814 
0.953016 0.475672 6.431247 
0.926245 0.508787 6.431935 
0.887564 0.530844 6.429971 
2.370409 0.563105 6.436208 
2.316780 0.639147 6.431445 
2.346779 0.638499 6.431673 
0.729055 0.673716 6.434759 
0.665632 0.730238 6.427330 
0.651098 0.775313 6.430883 
0.585024 0.829592 6.429644 
0.548063 0.853014 6.428142 
0.536997 0.901615 6.432557 
0.484079 0.968830 6.434416 
0.385771 1.254229 6.435460 
0.373636 1.284107 6.432525 
0.363407 1.313881 6.430014 
0.359774 1.343443 6.429039 
0.356146 1.372986 6.428066 
0.356613 1.402415 6.428037 
2.801775 1.630221 6.428951 
2.835474 1.657320 6.428471 
0.357233 1.696718 6.427372 
0.361805 1.726107 6.428380 
0.366384 1.755509 6.429397 
0.370962 1.784928 6.430434 
0.382044 1.814341 6.432969 
0.382517 1.843800 6.433099 
0.395700 1.873263 6.436117 
2.532499 2.331595 6.429792 
0.672468 2.413367 6.429610 
2.435915 2.423777 6.432346 
0.993669 2.634802 6.431273 
1.294374 0.267222 6.445121 
1.348675 0.275721 6.439891 
1.040296 0.407046 6.441362 
1.129148 0.406739 6.443959 
1.040073 0.437414 6.440440 
1.040667 0.437632 6.440901 
1.096476 0.434668 6.443313 
2.379270 0.675265 6.440726 
0.698267 0.711647 6.443911 
0.531847 0.956099 6.438337 
0.479134 1.023813 6.440287 
0.446966 1.051832 6.439941 
0.442331 1.107210 6.445926 
0.419947 1.137518 6.445524 
0.422106 1.134798 6.444531 
0.409758 1.164820 6.441516 
0.397530 1.194803 6.438522 
0.398001 1.224310 6.438424 
2.793674 1.765921 6.445041 
0.408886 1.902769 6.439144 
0.422069 1.932320 6.442191 
0.435360 1.961907 6.445257 
0.435835 1.991461 6.445439 
2.565123 2.271610 6.442994 
0.608751 2.352299 6.444353 
0.638855 2.351984 6.443789 
2.374288 2.456883 6.446665 
2.374346 2.486990 6.447172 
1.077270 2.668421 6.443539 
1.178217 0.393978 6.448259 
1.245413 0.397658 6.456568 
2.310757 0.529988 6.449678 
2.412987 0.727886 6.453569 
0.666988 0.765864 6.456917 
2.537958 0.761875 6.454808 
0.473209 1.014166 6.457138 
0.450676 1.044813 6.451770 
0.451149 1.074419 6.451622 
0.434221 1.104725 6.447524 
0.422569 1.208067 6.455583 
0.379084 1.225014 6.452685 
2.789373 1.834421 6.453211 
0.449022 2.021116 6.448526 
0.466913 2.050856 6.452678 
2.597958 2.211228 6.456323 
2.334299 2.506315 6.449640 
1.148167 0.368075 6.465544 
1.278589 0.370016 6.457334 
2.250704 0.496651 6.463257 
0.495840 0.983439 6.462566 
0.385275 1.291874 6.461304 
0.490519 2.080717 6.458129 
0.514021 2.110651 6.463581 
0.514496 2.140333 6.463813 
0.574966 2.292917 6.458089 
2.314817 2.520277 6.461011 
1.147875 0.343521 6.469571 
1.399618 0.364443 6.470942 
1.358606 0.385138 6.468456 
2.447315 0.786888 6.467930 
0.605141 0.826939 6.471795 
0.635382 0.826287 6.471404 
0.540615 0.891989 6.473628 
0.541092 0.921749 6.473430 
0.518465 0.952635 6.467982 
0.396364 1.363837 6.471078 
0.377262 1.405501 6.473883 
2.632215 2.123911 6.475581 
2.662664 2.123589 6.475725 
0.538097 2.170386 6.469294 
0.561708 2.200512 6.474806 
0.540964 2.233238 6.471926 
2.254892 2.553786 6.474981 
1.186537 2.703688 6.467818 
1.503330 0.342411 6.480732 
1.069574 0.356322 6.479721 
1.483297 0.382294 6.482839 
2.163696 0.431225 6.483077 
2.163753 0.461678 6.482877 
2.481869 0.846289 6.482396 
2.512218 0.845635 6.482683 
0.563339 0.860991 6.479115 
0.573240 0.887766 6.486377 
0.398159 1.487864 6.486019 
2.704775 1.990320 6.479591 
0.585514 2.230717 6.480367 
1.603590 0.374933 6.496230 
0.639185 0.797045 6.497010 
0.602665 0.829005 6.488363 
2.547092 0.905522 6.497270 
2.749823 1.288149 6.497192 
2.753977 1.317635 6.496333 
2.758135 1.347105 6.495494 
2.762287 1.376562 6.494665 
2.762342 1.405987 6.494789 
2.766498 1.435425 6.493969 
2.770554 1.464848 6.493170 
2.774706 1.494257 6.492390 
0.379263 1.530024 6.488924 
2.774763 1.523661 6.492554 
2.774818 1.553065 6.492727 
2.770777 1.582487 6.493853 
0.380579 1.592980 6.496562 
2.766731 1.611923 6.494990 
2.762789 1.641371 6.496137 
2.758745 1.670832 6.497293 
0.505033 2.146862 6.491663 
0.625843 2.261341 6.489672 
0.626322 2.291212 6.489962 
0.621586 2.313236 6.496783 
2.168272 2.588997 6.494942 
1.840357 2.706064 6.495689 
1.840391 2.706068 6.495696 
1.869848 2.705757 6.495576 
1.810892 2.717085 6.493373 
1.339830 2.722059 6.496970 
1.369358 2.725849 6.495731 
1.398874 2.729639 6.494512 
1.428303 2.729330 6.494232 
1.722586 2.730324 6.491052 
1.752008 2.725912 6.491822 
1.781443 2.721499 6.492593 
1.457796 2.733120 6.493023 
1.487274 2.736813 6.491835 
1.634375 2.739363 6.489760 
1.663761 2.734947 6.490490 
1.693165 2.730635 6.491231 
1.516741 2.740603 6.490656 
1.546196 2.744395 6.489487 
1.575598 2.744084 6.489258 
1.604999 2.743773 6.489039 
1.657421 0.365181 6.501507 
2.056145 0.394663 6.507303 
0.675430 0.734953 6.505984 
0.675907 0.764954 6.505727 
0.541124 0.948992 6.501079 
2.713606 1.169724 6.505270 
2.726360 1.199435 6.502386 
2.739115 1.229101 6.499512 
2.739168 1.258566 6.499576 
0.376688 1.650637 6.503025 
2.758802 1.700264 6.497517 
2.754757 1.729746 6.498704 
2.750711 1.759243 6.499891 
2.740072 1.788857 6.502643 
2.727529 1.818539 6.505828 
2.698336 2.015644 6.499538 
2.625997 2.101176 6.506347 
2.654373 2.109822 6.498331 
0.504980 2.127812 6.505855 
0.538050 2.154663 6.506258 
2.572439 2.167902 6.505127 
0.559774 2.193472 6.504055 
2.560896 2.216421 6.501067 
2.523619 2.239382 6.502883 
0.568174 2.246262 6.498826 
0.605791 2.268448 6.500278 
2.508947 2.284535 6.499585 
2.457041 2.293028 6.504731 
0.663950 2.321966 6.498697 
0.659300 2.335322 6.498283 
2.442171 2.338080 6.501504 
0.689316 2.365313 6.498051 
2.412363 2.368269 6.501686 
0.727423 2.387091 6.499639 
2.390425 2.406288 6.500082 
0.757931 2.416579 6.499545 
0.802950 2.431362 6.502700 
2.360414 2.436281 6.500323 
2.338173 2.473902 6.498800 
0.811642 2.483252 6.497690 
2.293333 2.489531 6.502402 
0.856859 2.497732 6.500934 
2.270990 2.527052 6.500949 
0.880064 2.534819 6.499214 
2.218183 2.535254 6.506317 
0.928638 2.546156 6.503194 
0.995581 2.599440 6.504445 
1.988348 2.653672 6.506741 
2.017898 2.653359 6.506671 
1.958658 2.666796 6.503926 
1.929016 2.679714 6.501139 
1.221014 2.687287 6.506520 
1.250521 2.686978 6.506170 
1.280344 2.699370 6.502932 
1.899412 2.692734 6.498353 
1.310129 2.711664 6.499742 
1.473221 0.398321 6.515786 
1.502664 0.393593 6.514714 
1.532194 0.392960 6.514655 
1.561724 0.392325 6.514604 
1.591354 0.395785 6.515564 
1.621004 0.399239 6.516545 
1.443758 0.403055 6.516866 
0.712444 0.702669 6.514750 
2.675188 1.050762 6.514028 
2.687942 1.080624 6.511084 
2.687998 1.110178 6.511099 
2.700853 1.139971 6.508174 
2.714888 1.848263 6.509042 
2.714945 1.877770 6.509336 
2.702303 1.907557 6.512581 
2.689562 1.937386 6.515846 
2.669090 1.963127 6.516809 
2.663912 2.018492 6.511206 
0.436850 2.040217 6.516596 
0.467478 2.039892 6.515967 
0.465275 2.045847 6.511224 
2.631481 2.046309 6.511851 
0.498251 2.072897 6.511557 
2.578127 2.113432 6.510550 
0.701780 2.352846 6.507480 
0.739616 2.383845 6.516284 
0.983042 2.551708 6.508495 
2.179401 2.556927 6.508575 
2.152315 2.589789 6.508215 
2.097494 2.596411 6.514036 
1.050342 2.604790 6.509823 
1.050388 2.604788 6.509814 
2.070208 2.629177 6.513746 
2.077524 2.622610 6.513439 
1.078325 2.637112 6.509212 
2.047649 2.640337 6.509517 
1.132461 2.646130 6.515525 
1.164654 2.665158 6.514292 
1.191128 2.674895 6.509779 
1.384739 0.408419 6.518068 
1.414287 0.407788 6.517968 
1.650665 0.402695 6.517524 
1.680336 0.406254 6.518526 
1.709896 0.405615 6.518526 
1.739590 0.409071 6.519546 
1.766825 0.405016 6.518957 
1.325735 0.417881 6.520289 
1.355246 0.413147 6.519158 
1.769375 0.414629 6.521086 
1.296236 0.424809 6.521963 
1.799425 0.426766 6.524239 
1.237181 0.438872 6.525388 
1.266777 0.438233 6.525226 
0.765360 0.669260 6.527161 
2.634581 0.990519 6.523403 
2.657736 1.020746 6.518053 
0.420572 1.757841 6.520717 
0.413122 1.812277 6.526410 
2.733473 1.845885 6.522567 
2.689741 1.862303 6.525778 
0.424759 1.902088 6.523775 
2.734407 1.906496 6.523597 
2.695162 1.928770 6.517649 
0.437214 1.951220 6.519318 
2.677019 1.967257 6.519092 
0.464960 1.984043 6.518415 
2.659677 1.997294 6.523462 
2.659735 2.026900 6.523806 
2.137672 2.575846 6.523862 
2.167355 2.575529 6.523851 
2.107559 2.599278 6.518625 
1.040962 2.610636 6.526735 
2.008530 2.629359 6.521102 
2.061060 2.625674 6.519535 
1.071440 2.633330 6.521079 
1.101040 2.633017 6.520678 
1.975597 2.656979 6.522057 
2.061117 2.656302 6.520095 
1.234651 2.662268 6.523520 
1.926428 2.669247 6.526634 
1.251238 2.705946 6.520422 
1.947493 0.357693 6.531797 
1.844875 0.416582 6.529513 
1.829510 0.438807 6.527372 
1.889282 0.450308 6.530624 
1.207657 0.452191 6.528642 
1.859640 0.450949 6.530556 
1.178089 0.465613 6.531948 
1.919474 0.462443 6.533838 
1.148474 0.479040 6.535263 
1.949709 0.474579 6.537031 
0.796574 0.547522 6.530401 
2.588318 0.900112 6.534163 
2.611471 0.930531 6.528786 
2.611528 0.960215 6.528750 
2.587185 1.030939 6.527378 
0.506777 1.076618 6.531462 
2.727846 1.778818 6.530805 
0.401323 1.801695 6.533106 
0.428780 1.835022 6.532076 
2.636797 2.057188 6.529471 
2.613756 2.087559 6.535197 
0.793770 2.415434 6.528801 
2.227880 2.528658 6.534359 
2.197580 2.552096 6.529096 
1.010368 2.587940 6.532386 
1.010408 2.587942 6.532414 
1.859304 2.664879 6.535186 
1.318300 2.700022 6.528494 
1.825872 2.692200 6.536261 
1.089146 0.493199 6.538810 
1.118828 0.492558 6.538599 
1.980171 0.490607 6.541202 
1.059420 0.510523 6.543104 
2.010992 0.513018 6.546948 
2.040747 0.512381 6.547077 
0.824671 0.635264 6.541056 
2.541811 0.839041 6.545029 
2.565164 0.869616 6.539571 
2.736980 1.665198 6.542628 
0.396524 1.680647 6.546857 
2.717476 1.706696 6.540175 
0.416977 1.721770 6.544160 
0.398680 1.932049 6.541197 
2.590719 2.118002 6.540913 
2.567682 2.148522 6.546660 
2.567738 2.178288 6.547056 
0.854040 2.447382 6.542726 
0.854528 2.477629 6.543080 
2.258263 2.505123 6.539662 
0.919304 2.542673 6.544290 
0.949070 2.542359 6.543839 
0.979778 2.565150 6.538111 
1.390354 2.689341 6.537671 
1.390404 2.689335 6.537661 
1.952806 2.693579 6.544982 
1.431976 2.708666 6.540094 
1.029610 0.534239 6.548973 
2.071690 0.534888 6.552862 
0.999729 0.558058 6.554871 
0.883894 0.570696 6.555357 
0.884378 0.601046 6.555039 
2.501902 0.777914 6.554388 
2.501959 0.807787 6.554294 
2.626306 1.138792 6.553340 
2.736212 1.540568 6.556894 
0.375147 1.576826 6.556917 
2.716909 1.582564 6.554332 
0.501619 1.966391 6.554694 
2.544599 2.208925 6.552833 
2.350090 2.427204 6.557279 
2.289185 2.464976 6.548738 
2.319057 2.464659 6.548777 
0.915401 2.509878 6.557144 
0.888481 2.519781 6.550050 
1.746067 2.676245 6.547599 
1.514559 2.688227 6.551543 
1.704847 2.696545 6.550385 
1.556635 2.707354 6.554074 
2.002611 0.498665 6.557430 
2.102705 0.557499 6.558666 
2.133802 0.580105 6.564499 
0.939938 0.582720 6.561092 
0.969770 0.582077 6.560820 
0.909868 0.606644 6.567050 
2.464750 0.746571 6.563071 
0.441786 1.186804 6.558047 
0.472608 1.186144 6.557594 
2.735521 1.477556 6.564137 
0.414938 1.597079 6.558668 
0.516130 2.044382 6.565668 
2.504866 2.240288 6.562467 
2.381250 2.389553 6.565829 
0.856790 2.480395 6.559612 
1.621496 2.677927 6.562472 
1.619661 2.706389 6.561175 
1.600977 2.717531 6.560728 
1.677351 2.710600 6.567142 
2.085936 0.514130 6.569078 
0.944097 0.536162 6.569460 
2.251274 0.538922 6.573531 
2.273973 0.576321 6.575171 
2.318973 0.591421 6.571731 
2.165373 0.609696 6.572039 
2.195293 0.609049 6.572218 
0.879639 0.637665 6.574747 
2.326975 0.643421 6.576711 
2.371775 0.658821 6.573371 
2.401773 0.688820 6.573361 
2.427397 0.715101 6.571804 
2.439573 0.711121 6.571611 
2.469274 0.741421 6.571701 
2.506674 0.764021 6.570041 
2.521873 0.809021 6.573481 
2.559174 0.831721 6.571871 
2.566873 0.884522 6.577081 
2.739981 1.419897 6.570208 
0.408346 1.476759 6.572227 
2.467932 2.271668 6.571479 
2.412537 2.351797 6.574419 
0.825102 2.443503 6.568581 
0.976578 2.542338 6.571298 
1.501192 2.684063 6.576398 
2.054474 0.433920 6.584371 
2.081974 0.466622 6.584871 
2.136675 0.472721 6.579251 
2.148575 0.520621 6.583261 
2.202873 0.526921 6.577731 
2.227417 0.645519 6.581490 
0.849218 0.675482 6.584107 
2.390043 0.683508 6.580556 
2.588175 0.923620 6.579181 
2.620773 0.951021 6.578661 
2.626875 1.005921 6.584321 
2.659374 1.033522 6.583881 
0.398830 1.423079 6.577601 
2.444527 2.297825 6.586711 
2.430799 2.303175 6.580561 
2.430855 2.333174 6.581017 
0.731287 2.369845 6.587166 
0.763296 2.407030 6.578094 
0.793289 2.406712 6.577581 
1.784941 2.667319 6.583952 
1.447393 2.693274 6.581951 
1.882574 0.362721 6.596321 
1.965174 0.401720 6.591091 
1.999273 0.428122 6.590091 
2.336393 0.651074 6.593085 
2.259672 0.682289 6.590815 
0.788618 0.714144 6.593871 
0.818666 0.713501 6.593539 
2.658974 1.095221 6.591061 
2.686274 1.128420 6.591861 
2.698074 1.177721 6.596271 
2.705172 1.257776 6.592708 
0.439421 1.313910 6.594786 
0.449158 1.311194 6.596844 
2.697184 1.312170 6.587392 
0.443428 1.340945 6.595327 
0.439798 1.370621 6.594312 
0.440271 1.400181 6.594274 
0.436544 1.429838 6.593290 
0.432915 1.459475 6.592315 
0.429285 1.489104 6.591341 
0.425657 1.518717 6.590386 
0.426132 1.548247 6.590408 
0.426603 1.577776 6.590440 
0.431185 1.607249 6.591447 
0.435759 1.636736 6.592463 
0.440336 1.666237 6.593501 
0.440811 1.695790 6.593572 
0.445389 1.725306 6.594599 
0.449964 1.754839 6.595667 
0.456745 1.784378 6.597256 
2.393421 2.364878 6.590152 
1.839380 2.675070 6.589165 
1.815575 0.367621 6.604671 
1.898674 0.406521 6.599341 
1.069988 0.496786 6.598519 
2.276583 0.587933 6.607198 
2.276640 0.618185 6.607036 
2.292053 0.719048 6.600150 
0.757887 0.752367 6.603364 
0.485575 1.191496 6.606173 
0.486048 1.221136 6.606075 
0.451498 1.235834 6.605317 
2.693073 1.244822 6.604641 
0.473717 1.251198 6.602972 
2.720074 1.278521 6.605561 
0.461489 1.281218 6.599917 
0.470030 1.813919 6.600383 
0.470507 1.843516 6.600514 
0.483694 1.873118 6.603631 
0.496983 1.902762 6.606799 
2.476921 2.237746 6.600414 
2.507172 2.237425 6.600519 
0.698276 2.316757 6.599902 
2.340092 2.397452 6.603002 
1.104162 2.577406 6.600534 
1.338442 2.652291 6.599581 
1.701975 0.357521 6.616791 
1.743275 0.377421 6.614191 
2.324570 0.756016 6.609565 
2.354752 0.755366 6.609812 
0.727026 0.790592 6.612889 
0.526461 1.100836 6.616471 
0.510229 1.131205 6.612421 
0.497904 1.161368 6.609307 
2.703375 1.358221 6.616711 
0.510275 1.932448 6.609975 
0.523657 1.962176 6.613172 
0.524137 1.991865 6.613354 
2.539877 2.176739 6.614349 
0.664720 2.257172 6.614156 
0.678968 2.277224 6.611653 
1.994219 2.587435 6.616211 
1.260450 2.639921 6.610376 
1.178270 0.458285 6.623601 
2.216230 0.554728 6.621298 
2.389431 0.821949 6.626474 
0.548616 1.040385 6.622217 
0.549093 1.070139 6.622058 
2.618242 1.102652 6.620373 
2.723274 1.399620 6.619331 
0.541336 2.021685 6.617478 
0.564938 2.051625 6.623119 
2.280363 2.430508 6.617370 
2.280422 2.430516 6.617372 
2.072374 2.573359 6.626532 
1.213823 2.612200 6.625723 
1.214319 2.643038 6.626157 
1.577373 0.357121 6.631331 
1.619175 0.376822 6.628611 
2.155579 0.521311 6.635487 
0.695415 0.858706 6.629694 
0.594171 0.978686 6.633469 
0.571344 1.009571 6.627823 
2.604410 1.024359 6.630930 
0.534676 1.078573 6.632657 
2.703773 1.482922 6.631251 
2.743275 1.503721 6.629331 
0.588638 2.081644 6.628791 
0.612547 2.111735 6.634511 
2.572792 2.115752 6.628285 
0.613028 2.141571 6.634753 
0.600605 2.197609 6.629065 
0.630953 2.197289 6.628489 
2.220240 2.463782 6.631829 
2.220297 2.494133 6.632348 
1.456774 0.352221 6.644921 
1.514374 0.357222 6.638711 
0.646343 0.886397 6.646656 
2.423862 0.881647 6.641458 
0.646822 0.916319 6.646447 
0.663750 0.919821 6.644806 
0.616997 0.947714 6.639135 
0.550688 0.995344 6.644239 
2.708774 1.603321 6.644821 
0.566523 2.137226 6.643501 
0.636835 2.171780 6.640484 
2.159670 2.527718 6.646930 
1.103609 2.556181 6.638398 
0.909731 0.609234 6.648560 
0.966354 0.603926 6.654794 
0.902636 0.661158 6.653933 
0.857429 0.677140 6.650381 
0.835451 0.715061 6.652293 
0.790546 0.731138 6.648822 
0.768776 0.769257 6.650794 
0.739263 0.800127 6.650985 
0.724831 0.845499 6.654739 
0.683065 0.854479 6.655642 
0.687670 0.868815 6.653119 
0.673548 0.914580 6.656995 
0.636488 0.938101 6.655434 
2.458504 0.941645 6.656547 
2.717474 1.657320 6.650191 
2.608803 1.988390 6.657316 
0.667749 2.202191 6.647881 
0.705479 2.232825 6.656904 
1.020380 2.539759 6.650309 
1.723518 2.646889 6.657316 
1.516771 2.657278 6.656853 
1.634926 2.656031 6.655953 
1.664444 2.651617 6.656723 
1.546358 2.661066 6.655643 
1.575890 2.660757 6.655414 
1.605419 2.660443 6.655193 
1.348675 0.394020 6.662221 
2.028631 0.484251 6.665014 
1.118231 0.511969 6.662328 
1.103491 0.556746 6.665851 
1.048201 0.563629 6.659933 
1.021135 0.596852 6.660610 
0.720087 0.822434 6.664678 
0.614212 0.976027 6.657385 
0.601395 0.981905 6.660421 
0.631878 0.981249 6.660009 
0.609270 1.030905 6.663519 
0.576902 1.059035 6.663102 
2.651834 1.227030 6.667287 
2.664743 1.286375 6.664368 
2.671099 1.316017 6.662948 
2.675253 1.345619 6.662059 
2.679407 1.375206 6.661210 
2.679464 1.404763 6.661324 
2.683618 1.434330 6.660476 
2.687773 1.463885 6.659637 
2.691931 1.493426 6.658809 
2.691986 1.522959 6.658973 
2.692041 1.552492 6.659147 
2.687998 1.582045 6.660314 
2.683954 1.611611 6.661501 
2.679911 1.641188 6.662689 
2.675768 1.670780 6.663886 
2.675825 1.700342 6.664121 
2.671781 1.729954 6.665348 
2.665640 1.759611 6.667088 
0.743408 2.263586 6.665987 
0.743891 2.293642 6.666288 
1.901173 2.604887 6.665936 
1.841873 2.618321 6.663151 
1.871475 2.618010 6.663031 
1.309149 2.623945 6.667216 
1.339029 2.636439 6.663887 
1.782650 2.637961 6.658950 
1.812237 2.631445 6.660274 
1.368736 2.642329 6.662102 
1.398380 2.646116 6.660842 
1.427942 2.645808 6.660551 
1.457567 2.649695 6.659302 
1.693977 2.647200 6.657502 
1.723534 2.646891 6.657323 
1.753080 2.642370 6.658126 
1.487175 2.653486 6.658071 
1.294374 0.385521 6.667681 
1.217794 0.487618 6.671622 
1.184820 0.515461 6.670895 
0.757109 0.790262 6.673724 
2.444059 0.789805 6.676058 
0.572168 1.114508 6.669337 
2.613371 1.137482 6.676318 
0.540003 1.142830 6.669001 
2.626226 1.167372 6.673284 
0.528646 1.191939 6.673687 
2.639080 1.197224 6.670261 
0.501896 1.225752 6.674698 
2.651888 1.256632 6.667352 
2.675474 1.765921 6.667601 
2.652895 1.789393 6.670413 
2.640257 1.819210 6.673718 
2.627516 1.849072 6.677074 
0.528088 2.011151 6.673007 
0.782024 2.324591 6.675431 
2.306482 2.411829 6.670653 
1.990526 2.565518 6.674721 
2.020218 2.565203 6.674660 
2.033361 2.565111 6.676771 
1.960703 2.578741 6.671776 
1.219618 2.599371 6.674266 
1.249262 2.599058 6.673905 
1.930916 2.591765 6.668861 
1.279226 2.611553 6.670545 
1.285292 0.491492 6.680361 
0.793846 0.727774 6.683127 
0.794329 0.757956 6.682849 
2.583609 1.047764 6.683350 
2.497530 1.059975 6.685881 
2.528213 1.059317 6.686178 
2.600363 1.077856 6.679356 
2.600418 1.107546 6.679371 
0.508184 1.292609 6.683696 
0.481737 1.326819 6.684799 
2.662374 1.843722 6.678201 
2.627569 1.878718 6.677368 
2.644419 1.878945 6.682307 
2.675260 1.878618 6.682467 
2.614828 1.908644 6.680744 
2.602087 1.938612 6.684120 
0.820158 2.355665 6.684603 
2.080288 2.524742 6.683948 
2.050169 2.548176 6.678543 
1.129276 2.557995 6.685368 
1.159519 2.574389 6.681037 
1.189587 2.586882 6.677656 
1.919523 0.416901 6.690640 
1.919580 0.447733 6.690421 
1.381071 0.462816 6.688762 
1.138473 0.471022 6.695441 
1.361134 0.502898 6.691049 
2.537203 0.987070 6.694457 
2.560453 1.017454 6.688889 
0.567602 1.102310 6.690016 
0.496199 1.402310 6.695844 
2.585447 1.968720 6.688439 
2.562408 1.999052 6.694325 
2.562464 2.028813 6.694681 
2.140751 2.477576 6.694837 
2.170587 2.477259 6.694825 
2.110479 2.501211 6.689374 
1.068998 2.535517 6.691637 
1.098755 2.535202 6.691225 
1.505855 0.459967 6.703826 
1.060175 0.484020 6.706101 
1.464544 0.480673 6.701149 
0.860762 0.693472 6.699246 
2.490337 0.896181 6.705747 
2.513693 0.926764 6.700120 
2.513746 0.956604 6.700075 
0.497095 1.464373 6.703648 
0.477999 1.506331 6.706603 
0.490353 1.902676 6.698455 
0.490400 1.902678 6.698497 
2.577173 1.999821 6.705961 
2.539328 2.059260 6.700587 
2.516088 2.089785 6.706534 
0.888241 2.387663 6.700803 
2.200973 2.453621 6.700317 
1.007645 2.489632 6.703452 
1.038361 2.512625 6.697534 
1.924650 2.601914 6.702556 
0.920774 0.659384 6.713750 
2.459886 0.865292 6.713067 
2.567043 1.167477 6.713062 
0.533741 1.212134 6.717060 
2.492851 2.120390 6.712501 
2.262533 2.385226 6.716293 
0.949308 2.419678 6.715368 
2.231611 2.422877 6.707481 
0.945692 2.436850 6.716984 
0.976850 2.466643 6.709400 
1.659950 0.482931 6.725572 
1.606123 0.492687 6.720076 
2.422632 0.834063 6.722031 
0.499617 1.589785 6.719502 
0.495624 1.647440 6.726226 
2.560074 2.082821 6.717651 
2.462614 2.151308 6.720145 
0.640152 2.172009 6.721986 
0.692083 2.179398 6.726908 
2.462671 2.181238 6.720552 
2.422253 2.197777 6.726521 
0.707788 2.224686 6.723184 
0.745602 2.246870 6.724755 
2.370008 2.265990 6.725021 
0.761305 2.291960 6.721081 
2.340204 2.296580 6.725153 
0.799414 2.313837 6.722740 
2.318066 2.334502 6.723500 
0.830122 2.343519 6.722653 
2.273027 2.350130 6.727253 
2.293577 2.347571 6.725124 
2.323629 2.347250 6.725167 
0.875444 2.358202 6.726008 
2.250685 2.387854 6.725670 
0.884127 2.400175 6.726735 
0.898550 2.395491 6.724158 
0.915752 2.437163 6.717435 
0.967569 2.447050 6.725840 
2.197737 2.455271 6.724490 
0.981083 0.625080 6.728342 
2.385122 0.772650 6.731177 
2.385179 0.802706 6.731074 
0.544146 1.963000 6.736751 
2.534958 2.008654 6.734817 
0.595404 2.033304 6.733858 
2.502321 2.036473 6.735548 
0.628580 2.060452 6.734250 
2.496836 2.091440 6.729784 
0.635202 2.115370 6.728308 
2.474195 2.129065 6.728162 
2.436924 2.152224 6.730019 
2.425539 2.212569 6.729903 
2.384882 2.220736 6.728439 
2.354866 2.309302 6.734080 
0.852362 2.362984 6.736073 
0.944265 2.409868 6.727631 
2.205345 2.403383 6.729513 
1.010588 2.451895 6.729999 
2.141096 2.460009 6.730982 
1.005388 2.469534 6.727451 
2.086271 2.466524 6.737062 
1.060194 2.474882 6.733081 
1.011080 2.482388 6.730372 
2.058893 2.499495 6.736703 
1.088240 2.507302 6.732428 
1.769363 0.523070 6.743853 
2.347471 0.741102 6.740270 
0.539907 1.754637 6.744747 
2.611574 1.842581 6.745057 
0.520517 1.863211 6.746362 
2.584497 1.876246 6.744369 
0.548170 1.896235 6.745370 
2.572657 1.925173 6.740041 
2.540228 1.953188 6.740685 
0.588970 1.977886 6.739908 
2.388105 2.244028 6.739306 
2.386230 2.271242 6.743039 
0.820471 2.325695 6.745454 
2.003569 2.505816 6.742895 
1.143637 2.512442 6.738165 
1.171781 2.544760 6.737551 
1.220762 2.556387 6.741809 
1.988390 2.550474 6.739706 
1.254541 2.583328 6.742509 
1.815857 0.506365 6.747680 
1.099390 0.556044 6.757036 
1.099882 0.586733 6.756709 
0.824074 0.642321 6.751321 
2.309818 0.709429 6.749391 
2.632624 1.741553 6.754455 
2.605848 1.775515 6.753686 
0.524736 1.795843 6.755091 
0.532255 1.809073 6.750682 
2.350672 2.275608 6.748719 
0.758268 2.288622 6.755408 
0.788448 2.288306 6.754884 
1.921873 2.546301 6.748526 
1.321604 2.577307 6.750970 
1.888639 2.573820 6.749552 
1.355669 2.603941 6.751749 
2.242266 0.676363 6.765657 
2.618917 1.665858 6.765077 
0.496660 1.699917 6.763813 
0.536646 1.720070 6.765743 
2.418741 2.203354 6.759031 
2.313036 2.307322 6.758213 
2.313093 2.337506 6.758691 
1.131647 2.516867 6.758932 
1.821218 2.569256 6.758544 
1.431333 2.589901 6.762170 
1.973097 0.588747 6.776857 
2.638140 1.561945 6.775112 
2.618635 1.603743 6.772490 
0.515074 1.616553 6.776113 
0.591659 1.932570 6.773023 
2.451214 2.142473 6.773362 
0.724476 2.221638 6.771854 
2.245769 2.370751 6.775316 
1.745527 2.557066 6.769453 
1.493469 2.589348 6.769445 
1.725305 2.597069 6.767479 
1.535343 2.608679 6.772026 
1.207987 0.517828 6.783025 
2.181719 0.643391 6.780249 
0.494619 1.575129 6.779000 
0.606169 2.010458 6.784467 
0.690847 2.161551 6.786687 
1.241507 2.551352 6.785020 
1.641958 2.578249 6.780115 
1.619018 2.587527 6.784230 
1.600458 2.598547 6.783087 
2.120907 0.579714 6.795100 
2.120966 0.610211 6.794919 
2.299574 0.730822 6.796811 
2.329874 0.760922 6.796781 
2.367575 0.783421 6.794991 
2.420275 0.851321 6.796851 
2.487175 0.904921 6.795371 
2.621923 1.420553 6.793906 
0.528021 1.475060 6.795051 
2.617363 1.478213 6.787567 
2.483890 2.081385 6.787770 
2.514385 2.081061 6.787883 
2.185343 2.403883 6.790295 
1.676714 2.591835 6.790457 
2.126074 0.602421 6.802341 
2.163574 0.625422 6.800581 
2.186375 0.662920 6.802281 
2.231874 0.677922 6.798611 
2.254475 0.715521 6.800371 
2.382774 0.828621 6.798581 
2.435373 0.896820 6.800521 
2.491375 0.961621 6.801691 
2.530073 1.044220 6.807091 
0.518410 1.421381 6.800654 
0.657000 2.100970 6.801630 
2.124617 2.437233 6.805365 
1.500677 2.564875 6.799488 
1.446878 2.574187 6.805271 
1.960773 0.524922 6.813161 
1.988474 0.557621 6.813651 
2.043875 0.563421 6.807651 
2.071375 0.596321 6.808211 
2.147932 0.686081 6.809977 
2.497374 1.016522 6.807601 
2.535873 1.099621 6.813101 
2.580374 1.115221 6.809781 
2.578728 1.312828 6.811921 
2.549770 1.960709 6.816257 
1.784304 2.548155 6.808097 
1.838743 2.556105 6.813549 
1.811575 0.490221 6.827201 
1.878574 0.485220 6.818471 
1.912073 0.512520 6.817601 
2.000959 0.543341 6.823926 
2.575575 1.181721 6.818411 
2.602774 1.215222 6.819291 
2.586916 1.258433 6.817469 
0.542974 1.265528 6.822675 
0.559399 1.312205 6.818677 
1.337925 2.532801 6.823730 
1.777775 0.463221 6.828151 
2.597574 1.282622 6.828091 
2.624374 1.378922 6.836721 
0.588854 1.982207 6.831036 
0.619539 1.981884 6.830438 
2.005407 2.473704 6.834475 
1.962746 2.497397 6.834893 
2.005468 2.504397 6.835007 
1.291193 2.549048 6.827839 
1.639873 0.475922 6.846451 
1.701975 0.476221 6.838901 
2.528772 1.134245 6.839269 
2.584675 1.358221 6.838821 
2.585087 1.851063 6.842129 
2.040808 2.483324 6.845683 
1.598274 0.456021 6.849221 
1.891710 0.507128 6.850235 
2.515043 1.056151 6.850276 
0.626467 1.108759 6.851274 
2.604874 1.462021 6.849131 
2.624775 1.503721 6.851941 
1.134754 2.464895 6.857149 
1.514374 0.476021 6.861791 
0.551458 1.873430 6.857430 
1.896456 2.540892 6.861699 
1.456774 0.470921 6.868281 
0.932466 0.747393 6.876328 
2.590074 1.603321 6.868171 
2.598774 1.657320 6.873771 
1.348675 0.513121 6.886411 
1.006464 0.699454 6.879693 
1.061552 0.692570 6.885832 
0.977972 0.731499 6.880110 
0.910292 0.785315 6.878310 
0.880068 0.815699 6.878299 
0.857992 0.853821 6.880342 
0.828379 0.884793 6.880535 
0.724932 0.934487 6.883701 
0.761919 0.939677 6.879138 
0.814157 0.930557 6.884530 
0.747902 0.985842 6.883245 
0.710848 1.009564 6.881626 
1.294374 0.504421 6.892101 
1.224409 0.609692 6.896271 
1.128210 0.637377 6.887417 
1.191542 0.637734 6.895546 
1.101044 0.670696 6.888126 
0.707640 1.066210 6.888434 
0.702909 1.121779 6.894929 
0.654844 1.134722 6.890607 
0.650320 1.190592 6.897193 
2.556475 1.765921 6.892011 
2.572273 1.812721 6.895961 
0.960979 2.365706 6.890345 
1.307249 0.569182 6.901838 
1.291906 0.613665 6.905399 
0.625505 1.226467 6.898720 
1.169674 0.561421 6.914011 
1.383604 0.580973 6.913118 
0.631895 1.293417 6.908098 
0.605249 1.327631 6.909191 
0.594618 1.377924 6.914360 
1.091474 0.574421 6.925151 
1.467085 0.599020 6.926067 
0.576132 1.420473 6.917568 
2.486774 1.968321 6.924981 
1.508398 0.578219 6.928834 
0.597536 1.503121 6.930885 
1.608667 0.611136 6.945813 
0.619253 1.586573 6.944344 
1.662498 0.601378 6.951541 
0.615366 1.644224 6.951337 
2.401426 2.055475 6.954178 
0.732866 2.075964 6.952417 
2.364157 2.078833 6.956106 
0.764763 2.104635 6.952535 
2.349588 2.124686 6.952379 
0.780172 2.150326 6.948563 
0.818188 2.172610 6.950222 
2.282720 2.179133 6.954360 
0.848307 2.203100 6.949908 
2.252716 2.209723 6.954513 
0.886427 2.225275 6.951628 
2.230276 2.247648 6.952800 
0.917231 2.255060 6.951541 
0.962953 2.269533 6.955125 
2.199770 2.277746 6.953113 
2.177229 2.315466 6.951471 
0.971746 2.321820 6.949623 
1.017862 2.336088 6.953315 
2.131590 2.330904 6.955536 
2.102795 2.362684 6.955428 
1.041365 2.373272 6.951463 
1.744121 0.616667 6.963990 
2.458643 1.930796 6.962150 
2.410475 1.943354 6.966744 
0.671526 1.953894 6.960767 
0.704706 1.981241 6.961170 
2.405197 1.998820 6.960622 
0.726335 2.020848 6.958657 
2.297287 2.133381 6.958027 
2.385975 2.141220 6.957901 
2.047670 2.369007 6.961828 
1.098051 2.376793 6.957794 
1.153448 2.381933 6.963780 
2.007986 2.390486 6.964419 
1.166288 2.429964 6.959339 
1.980503 2.423556 6.964040 
1.222092 2.434897 6.965415 
1.257841 2.459910 6.966616 
1.827877 0.633614 6.976903 
0.659845 1.751414 6.970697 
0.604528 1.774388 6.975943 
0.626070 1.779169 6.970171 
2.488880 1.839281 6.969551 
0.644541 1.857451 6.969965 
2.463720 1.874930 6.968362 
0.672295 1.890574 6.968953 
1.917211 2.422552 6.972418 
1.884081 2.450270 6.973444 
1.325003 2.453789 6.975457 
1.359075 2.480623 6.976235 
2.540054 1.645537 6.987008 
2.521154 1.687929 6.984145 
0.616735 1.698210 6.987154 
2.510029 1.738150 6.979338 
2.483057 1.772116 6.978559 
0.648863 1.790079 6.979083 
1.816662 2.445606 6.982815 
1.800882 2.489968 6.979598 
1.409353 2.491534 6.980966 
1.451826 2.510256 6.983796 
1.724688 2.477381 6.991108 
1.534700 2.489313 6.996423 
2.519485 1.562605 6.999884 
0.614798 1.573422 7.002992 
0.635353 1.614844 7.000014 
0.720980 1.938551 7.002510 
1.641439 2.458458 7.004273 
1.599987 2.478852 7.007297 
2.498608 1.478874 7.012897 
1.618380 2.468062 7.009186 
1.599941 2.478853 7.007337 
1.676063 2.472275 7.015684 
2.089773 0.698120 7.026551 
2.158674 0.750521 7.024421 
2.057005 0.781262 7.024689 
2.212274 0.818020 7.026111 
2.242674 0.848221 7.026081 
2.280374 0.871022 7.024221 
2.310175 0.901821 7.024391 
2.347673 0.924721 7.022591 
2.362675 0.970520 7.026491 
2.394175 0.999621 7.026241 
0.638794 1.419672 7.025605 
2.503069 1.421215 7.019508 
0.648401 1.473349 7.019770 
1.500059 2.444885 7.024506 
1.965774 0.639620 7.034921 
2.033174 0.693821 7.033131 
2.112774 0.735621 7.028311 
2.166775 0.802922 7.029901 
2.399975 1.054821 7.032471 
2.421074 1.094721 7.034901 
2.453875 1.122521 7.034361 
0.803961 2.086468 7.031915 
1.783663 2.428391 7.034162 
1.446363 2.454294 7.030489 
1.811228 2.462317 7.033372 
1.874575 0.608521 7.042621 
1.910074 0.633921 7.041251 
1.977875 0.687922 7.039361 
2.452274 1.185822 7.042571 
2.479673 1.219221 7.043441 
2.493711 1.286059 7.037526 
2.459680 1.313490 7.038353 
0.654732 1.338043 7.037977 
1.364836 2.438057 7.043166 
1.773773 0.586321 7.052661 
1.807474 0.613621 7.051731 
0.672247 1.254393 7.050812 
2.474375 1.286621 7.052631 
2.518574 1.302820 7.049271 
1.281298 2.420237 7.056304 
1.681374 0.555521 7.060651 
1.723574 0.574822 7.057641 
2.505274 1.378922 7.060591 
1.971392 2.368304 7.064423 
1.598274 0.575321 7.073641 
2.400442 1.125590 7.069227 
2.485575 1.462021 7.073561 
2.505573 1.503721 7.076461 
1.514374 0.595421 7.086781 
1.456774 0.590422 7.093541 
2.470674 1.603321 7.093421 
2.120008 2.286154 7.092620 
0.955217 0.886538 7.106557 
2.318975 0.976706 7.098010 
0.821642 1.026011 7.097546 
2.479374 1.657320 7.099251 
1.053667 2.270033 7.104081 
1.321573 0.598521 7.111821 
1.348675 0.632820 7.112501 
1.141668 0.766806 7.115537 
1.086080 0.773600 7.109049 
1.075022 0.822302 7.113953 
1.023098 0.832419 7.108415 
1.000828 0.870646 7.110479 
0.933046 0.924757 7.108661 
0.903337 0.955832 7.108853 
0.889120 1.001898 7.113070 
0.851866 1.025721 7.111321 
0.837959 1.072180 7.115669 
0.806518 1.101687 7.115467 
2.462475 1.738621 7.111731 
1.231142 0.732558 7.122972 
1.197567 0.760311 7.122106 
0.786188 1.141978 7.118157 
0.781670 1.197943 7.125013 
0.749308 1.226465 7.124608 
2.443874 1.822022 7.124671 
1.313877 0.691839 7.128719 
1.298544 0.736531 7.132461 
0.756414 1.294108 7.134550 
0.729567 1.328318 7.135642 
1.427275 0.678911 7.142205 
1.160274 0.690321 7.143611 
1.386162 0.699915 7.139429 
0.718931 1.378714 7.141003 
0.696272 1.417242 7.143248 
1.510954 0.697157 7.155785 
0.717773 1.499892 7.157115 
0.698584 1.542053 7.160300 
1.637464 0.695267 7.172520 
1.611229 0.730377 7.173514 
1.010673 0.770420 7.172501 
2.291674 2.048222 7.172111 
0.735704 1.640986 7.178405 
0.809500 1.996847 7.181224 
0.858086 2.008284 7.185674 
2.261396 2.036433 7.184366 
0.867872 2.060255 7.180007 
2.223926 2.059891 7.186416 
0.905992 2.082733 7.181736 
2.209360 2.105940 7.182508 
0.921503 2.128527 7.177603 
2.179258 2.136635 7.182661 
0.959715 2.150807 7.179392 
2.156721 2.174662 7.180890 
0.990629 2.180685 7.179294 
2.110981 2.190096 7.185104 
1.036653 2.195156 7.183117 
2.088345 2.228121 7.183363 
1.060255 2.232538 7.181134 
1.106672 2.246702 7.185064 
1.136007 2.278303 7.184595 
2.024809 2.286337 7.184622 
1.176203 2.298853 7.186925 
1.762571 0.750387 7.196432 
0.754167 1.721598 7.191628 
2.365896 1.836581 7.195968 
0.769274 1.851681 7.195584 
2.333372 1.864996 7.196643 
0.796835 1.885409 7.194453 
2.328194 1.920763 7.190201 
0.802969 1.941328 7.187784 
2.307474 1.960871 7.187848 
2.275860 1.990179 7.188323 
2.036348 2.237711 7.189172 
1.969185 2.292563 7.191384 
1.232004 2.303786 7.193260 
1.260549 2.336199 7.192624 
2.386640 1.734852 7.206273 
0.729061 1.768725 7.201743 
2.359669 1.768917 7.205476 
0.773792 1.784212 7.205121 
0.761923 1.791521 7.202067 
1.913259 2.298491 7.198207 
1.328203 2.329569 7.201964 
1.879427 2.325917 7.199384 
1.362377 2.356503 7.202771 
1.796328 2.365813 7.205718 
1.839813 0.761563 7.208269 
2.420801 1.646200 7.213170 
0.716867 1.655272 7.215429 
2.397768 1.684530 7.211270 
0.737619 1.696497 7.212442 
1.812105 2.321247 7.209115 
1.724169 2.356987 7.216664 
1.412746 2.367415 7.207693 
1.451181 2.390291 7.209580 
2.400137 1.563269 7.226605 
1.534059 2.369251 7.222768 
1.682875 2.377581 7.219737 
1.576143 2.388674 7.225578 
2.419737 1.521269 7.229437 
0.735685 1.571707 7.228919 
1.599424 2.358460 7.233533 
2.383623 1.421877 7.247061 
0.734627 1.445204 7.245771 
0.769598 1.471625 7.246446 
0.897633 1.991678 7.246497 
1.675432 2.352106 7.242858 
2.069975 0.838520 7.256341 
2.138874 0.891321 7.254221 
2.169374 0.921622 7.254191 
2.207174 0.944521 7.252271 
2.222174 0.990422 7.256321 
2.259973 1.013420 7.254431 
2.317573 1.077521 7.255381 
1.499538 2.324188 7.251451 
1.756246 2.334095 7.255415 
1.472973 2.359051 7.250794 
1.954973 0.770621 7.262631 
1.994875 0.791722 7.260131 
2.023773 0.823721 7.260481 
2.093075 0.876221 7.258231 
2.269073 1.065521 7.260071 
2.323275 1.133221 7.261961 
2.365974 1.341017 7.259852 
1.826298 2.326733 7.265263 
1.871275 0.731920 7.268651 
1.899275 0.764921 7.269211 
2.328674 1.189221 7.268621 
2.355774 1.223320 7.269641 
2.358927 1.270960 7.269877 
2.394875 1.306820 7.275651 
0.790529 1.320521 7.269283 
1.348589 2.302700 7.274815 
1.681374 0.675421 7.286471 
1.719574 0.698721 7.284381 
1.769773 0.710322 7.279251 
1.803474 0.737822 7.278321 
0.802324 1.243250 7.281117 
2.350473 1.290621 7.279191 
2.385374 1.378922 7.286411 
1.271402 2.290623 7.286918 
2.405575 1.420422 7.289321 
1.556475 0.675322 7.303011 
1.598274 0.695320 7.300021 
2.385673 1.503721 7.302921 
2.225285 1.069250 7.313562 
2.027567 2.192150 7.308079 
1.456774 0.710522 7.320751 
2.350473 1.603321 7.320631 
2.385075 1.630221 7.319811 
1.375774 0.727421 7.333671 
1.305674 0.733820 7.343831 
1.182512 0.863501 7.345122 
1.155153 0.897230 7.345932 
1.099461 0.903824 7.339154 
1.076994 0.942152 7.341288 
1.046064 0.972250 7.341158 
1.023798 1.010775 7.343363 
0.993790 1.041855 7.343526 
0.927347 1.097744 7.342124 
2.327475 1.754221 7.343641 
1.287361 0.843443 7.356907 
1.238605 0.856997 7.352000 
0.979883 1.088511 7.348024 
0.918337 1.149201 7.347985 
0.885675 1.177733 7.347461 
0.881258 1.233896 7.354618 
2.314773 1.831221 7.355521 
1.320623 0.815298 7.357702 
0.881636 1.294871 7.363109 
0.837147 1.311938 7.359452 
1.429846 0.798445 7.370598 
1.388739 0.819552 7.367742 
0.843954 1.379481 7.369733 
0.817110 1.413996 7.370917 
1.533754 0.776312 7.382106 
1.513529 0.816895 7.384737 
0.838814 1.496638 7.385343 
1.102774 0.865622 7.387581 
0.819424 1.538801 7.388610 
1.640039 0.815001 7.402133 
0.830530 1.611555 7.400267 
0.822571 1.665293 7.406718 
0.902042 1.901108 7.416595 
0.935425 1.928751 7.417067 
2.187536 1.962240 7.415004 
0.941660 1.984474 7.410189 
0.979883 2.007155 7.411977 
2.120573 2.017489 7.417026 
1.009808 2.038244 7.411564 
2.090273 2.048281 7.417171 
1.048033 2.060826 7.413394 
2.067636 2.086609 7.415310 
1.079147 2.090903 7.413306 
2.036425 2.116411 7.415745 
1.134653 2.157648 7.411374 
2.013586 2.154539 7.413944 
1.186109 2.166941 7.416778 
1.214464 2.199755 7.415995 
2.234953 1.826449 7.426449 
0.895704 1.845087 7.423545 
2.229977 1.882612 7.419667 
2.197054 1.910834 7.420493 
2.134933 1.970938 7.421163 
1.125761 2.105063 7.417385 
1.957861 2.160563 7.420987 
1.930183 2.194037 7.420499 
1.270662 2.204489 7.422668 
1.348398 2.249125 7.426770 
1.774525 0.879124 7.429542 
2.279915 1.748900 7.430580 
0.854502 1.762842 7.429671 
2.235287 1.765524 7.434513 
0.882458 1.796263 7.428607 
0.892137 1.797175 7.434512 
1.874060 2.199965 7.427643 
1.331602 2.204550 7.430600 
1.825197 2.213028 7.432831 
1.416159 2.242594 7.436509 
1.791670 2.240855 7.433937 
1.851868 0.890393 7.441879 
2.300856 1.646864 7.441345 
0.838364 1.653549 7.442794 
2.273687 1.681134 7.440488 
0.859217 1.694767 7.439727 
1.723646 2.235892 7.444220 
1.450539 2.269625 7.437376 
0.816889 1.549528 7.454574 
0.857384 1.569979 7.456842 
2.279993 1.563936 7.455331 
1.533415 2.248387 7.451113 
1.682356 2.256584 7.447373 
1.575500 2.268011 7.454003 
2.299793 1.521937 7.458252 
1.598904 2.237263 7.461738 
1.648411 2.257309 7.465047 
1.578287 2.277668 7.459436 
2.297916 1.395308 7.475557 
0.856329 1.443476 7.474356 
2.289419 1.449007 7.469479 
1.702158 2.265570 7.471033 
1.995575 0.912321 7.486941 
2.118774 1.033421 7.486621 
2.148273 1.064921 7.486911 
2.186174 1.088122 7.484961 
1.472454 2.237849 7.479649 
1.916374 0.869122 7.491891 
1.944275 0.902321 7.492571 
2.003775 0.965021 7.492931 
2.050175 0.979820 7.488641 
2.080673 1.010420 7.488641 
2.191673 1.143921 7.491831 
2.224874 1.171921 7.491191 
1.783174 0.817921 7.503241 
1.799374 0.862721 7.507021 
1.860474 0.863522 7.498781 
2.230274 1.228121 7.498161 
2.229603 1.262404 7.502829 
2.242874 1.277121 7.503181 
0.921318 1.309466 7.501294 
2.270374 1.310921 7.504131 
1.338793 2.172383 7.507146 
1.834646 2.196743 7.497756 
1.681374 0.796021 7.514291 
1.715473 0.823422 7.513261 
0.933214 1.232092 7.513626 
2.264774 1.378922 7.514231 
2.285074 1.420422 7.517221 
1.261507 2.160204 7.519749 
1.556475 0.795922 7.531481 
1.598274 0.816120 7.528411 
2.264975 1.503721 7.531381 
2.305174 1.524721 7.528941 
1.483475 0.805620 7.542841 
1.429874 0.796622 7.549061 
2.264374 1.630221 7.548931 
1.296574 0.863621 7.576391 
1.122545 1.044340 7.574300 
1.100082 1.082869 7.576563 
1.069975 1.114052 7.576728 
2.197575 1.763420 7.576231 
1.263664 0.939101 7.579621 
1.252209 0.988106 7.584897 
1.196112 0.994608 7.577758 
1.168959 1.028734 7.578710 
1.056177 1.161009 7.581457 
1.018833 1.185232 7.579591 
1.014109 1.241205 7.586948 
0.981451 1.269938 7.586433 
1.327393 0.939543 7.588829 
0.961237 1.310919 7.589456 
2.184774 1.840521 7.588611 
1.429171 0.915642 7.600154 
1.395399 0.943796 7.599239 
0.969778 1.380228 7.600623 
0.942837 1.414742 7.601796 
1.536337 0.896433 7.612951 
1.494932 0.917443 7.609897 
0.960564 1.493361 7.615631 
0.920366 1.515143 7.613128 
1.642628 0.935419 7.633799 
0.952276 1.608277 7.631074 
1.708471 0.936526 7.643517 
0.944214 1.662016 7.637736 
1.084307 1.962355 7.644142 
1.122530 1.985136 7.646031 
1.153747 2.015307 7.645934 
0.979883 1.820673 7.650477 
1.028868 1.832400 7.655324 
2.097839 1.872387 7.652273 
1.035107 1.888422 7.648115 
2.060274 1.896250 7.654442 
1.068987 1.915861 7.648725 
2.046015 1.943098 7.650057 
2.015613 1.973994 7.650211 
1.992781 2.012324 7.648281 
1.200661 2.029368 7.650261 
1.946236 2.027464 7.652986 
1.224668 2.066843 7.648158 
1.918764 2.061333 7.652349 
1.280676 2.071873 7.655032 
1.309221 2.104687 7.654247 
1.850698 2.116192 7.654835 
1.350119 2.125126 7.656903 
2.156656 1.747191 7.661109 
0.980749 1.756951 7.659733 
2.136042 1.788000 7.658427 
2.103117 1.816418 7.659254 
1.862638 2.067263 7.659753 
1.787012 2.115088 7.664304 
2.176084 1.643473 7.672714 
0.957605 1.655054 7.671340 
2.148912 1.677939 7.671838 
0.985468 1.688975 7.670159 
1.023268 1.803004 7.669258 
1.719089 2.110125 7.674947 
1.419363 2.117075 7.667455 
1.685060 2.137955 7.676175 
1.453939 2.144102 7.668341 
0.938993 1.547793 7.684387 
2.199543 1.543215 7.683316 
2.159157 1.564604 7.686118 
0.959749 1.589316 7.681120 
1.532770 2.126822 7.681517 
1.619362 2.135470 7.686176 
1.554312 2.167128 7.678796 
1.647768 2.135744 7.695962 
1.577770 2.156067 7.689530 
1.937580 1.087944 7.697919 
2.177183 1.395975 7.707084 
0.978735 1.441735 7.704987 
2.168585 1.449675 7.700787 
1.109369 1.951643 7.702882 
1.701517 2.144106 7.702167 
0.980177 1.376009 7.714708 
1.471933 2.115946 7.710554 
1.905374 1.001822 7.724151 
1.928875 1.039622 7.726161 
1.975574 1.054322 7.721631 
2.006174 1.085020 7.721631 
2.044273 1.108221 7.719551 
2.058973 1.154921 7.724081 
2.092573 1.182720 7.723301 
2.146774 1.251320 7.725471 
1.406244 2.114260 7.720487 
1.780874 0.941721 7.733391 
1.821375 0.962820 7.730591 
1.849474 0.996022 7.731261 
2.097975 1.238920 7.730531 
2.145075 1.315022 7.734751 
1.843195 2.065851 7.732536 
1.677374 0.921320 7.745281 
1.711473 0.948921 7.744281 
2.099489 1.253954 7.738052 
2.139475 1.382921 7.745221 
2.166975 1.417221 7.746291 
1.577373 0.897021 7.756201 
2.163874 1.482922 7.756101 
1.598274 0.937620 7.758841 
2.184074 1.524721 7.759291 
1.992584 1.980589 7.764958 
1.483475 0.927120 7.773801 
2.015030 1.104391 7.771032 
1.133406 1.147673 7.768037 
1.178696 1.960242 7.774864 
1.429874 0.918020 7.780241 
2.142975 1.630221 7.780101 
2.140573 1.696020 7.789891 
1.287273 0.994320 7.811261 
1.277376 1.070696 7.814620 
1.215034 1.131705 7.814334 
1.192266 1.170138 7.816629 
1.162163 1.201613 7.816825 
1.367536 1.036133 7.822984 
1.333868 1.064284 7.822099 
1.265926 1.120005 7.820168 
1.148573 1.249068 7.821816 
1.115007 1.277319 7.821062 
1.094694 1.318306 7.824155 
1.062044 1.347435 7.823683 
1.435848 1.040480 7.833834 
1.069261 1.415465 7.834875 
1.538938 1.017348 7.845900 
1.497538 1.038462 7.842773 
1.136873 1.077521 7.844371 
1.042616 1.511847 7.845353 
1.984573 1.922121 7.843931 
1.083006 1.490061 7.848018 
1.074724 1.604975 7.863971 
1.645235 1.056536 7.867568 
1.066660 1.658713 7.870863 
1.720453 1.066447 7.880313 
1.113558 1.807875 7.884355 
1.174215 1.870550 7.883498 
1.212545 1.893526 7.885446 
1.243862 1.923802 7.885358 
2.057243 1.708344 7.895457 
1.079554 1.717530 7.893085 
2.024223 1.737063 7.896284 
1.107614 1.751250 7.891973 
2.003511 1.777872 7.893524 
1.969683 1.805798 7.894602 
1.162844 1.819601 7.889471 
1.955627 1.853148 7.889956 
1.925230 1.884344 7.890081 
1.902092 1.922575 7.888122 
1.291277 1.937653 7.889933 
1.851116 1.933756 7.894242 
1.319338 1.971373 7.888910 
1.782654 1.988817 7.896799 
1.839178 1.982985 7.889055 
1.360231 1.991911 7.891637 
1.389082 2.024821 7.890860 
2.050613 1.640078 7.906285 
1.084467 1.649153 7.903990 
1.457346 2.017882 7.901505 
1.748724 2.016646 7.897986 
1.061909 1.546049 7.916296 
2.078211 1.543886 7.916035 
1.082766 1.587569 7.912957 
1.532120 2.004553 7.914022 
1.680504 2.011584 7.909090 
1.553667 2.045061 7.911139 
2.037622 1.565275 7.919007 
1.204863 1.858000 7.920936 
1.618839 2.012963 7.918279 
1.577248 2.033659 7.921713 
2.047052 1.450346 7.934196 
1.647123 2.013478 7.928986 
1.700872 2.021841 7.935402 
2.055653 1.396645 7.940703 
1.101856 1.439986 7.937714 
1.471414 1.993334 7.943545 
1.112184 1.364935 7.950394 
1.396444 1.982735 7.956495 
1.810474 1.095921 7.965341 
1.838074 1.130020 7.966261 
1.885275 1.144522 7.961471 
1.916174 1.175221 7.961441 
1.954174 1.198721 7.959331 
1.964874 1.249821 7.965271 
2.013973 1.262221 7.959941 
1.741474 1.041521 7.967581 
1.769875 1.074822 7.968251 
2.019274 1.318821 7.967511 
2.046774 1.353022 7.968551 
1.673275 1.047421 7.978501 
2.041075 1.421221 7.979461 
1.901329 1.884768 7.983881 
1.577274 1.019020 7.988581 
1.598274 1.059820 7.991391 
1.919538 1.195746 7.990057 
2.041874 1.482922 7.988481 
2.062174 1.524721 7.991741 
1.483475 1.049320 8.006861 
1.429874 1.040220 8.013511 
2.020874 1.630221 8.013371 
2.009474 1.705221 8.026161 
1.292841 1.204951 8.052589 
1.458273 1.120615 8.065300 
1.375559 1.163031 8.058950 
1.227774 1.174521 8.062921 
1.347698 1.196768 8.059792 
1.285372 1.258375 8.059620 
1.255175 1.290056 8.059815 
1.229055 1.325657 8.061282 
1.196302 1.354794 8.060719 
1.442650 1.166205 8.069807 
1.196588 1.416163 8.070213 
1.169352 1.450884 8.071409 
1.541557 1.138960 8.080999 
1.165663 1.508532 8.079729 
1.647860 1.178438 8.103491 
1.197876 1.601652 8.099038 
1.189709 1.655394 8.106130 
1.732359 1.197058 8.119440 
1.249918 1.793343 8.121179 
1.825939 1.847090 8.126214 
1.166597 1.627465 8.134743 
1.924122 1.698214 8.132985 
1.208509 1.710402 8.127965 
1.890900 1.726937 8.133883 
1.242098 1.738444 8.128496 
1.864437 1.762301 8.132757 
1.833942 1.793696 8.132873 
1.303358 1.801106 8.127746 
1.334875 1.831480 8.127657 
1.370344 1.857796 8.128789 
1.771032 1.854708 8.133697 
1.742853 1.888182 8.133181 
1.399198 1.890906 8.127932 
1.460644 1.890860 8.136892 
1.951818 1.602221 8.142974 
1.924351 1.636790 8.142079 
1.212141 1.643339 8.138847 
1.675846 1.884310 8.144283 
1.495327 1.918185 8.137807 
1.553022 1.922198 8.145623 
1.659773 1.929774 8.140129 
1.185532 1.544291 8.150351 
1.956083 1.544558 8.150915 
1.576727 1.910546 8.156044 
1.646479 1.890511 8.164171 
1.933527 1.397314 8.176484 
1.225784 1.438225 8.172589 
1.924829 1.451018 8.169767 
1.700231 1.898974 8.170796 
1.470892 1.869923 8.178696 
1.245001 1.353848 8.188445 
1.386644 1.850401 8.194872 
1.730574 1.175221 8.204741 
1.758974 1.208721 8.205491 
1.794075 1.235522 8.204201 
1.825174 1.266321 8.204171 
1.878473 1.274821 8.197371 
1.885574 1.329821 8.204671 
1.918774 1.358320 8.204001 
1.634973 1.146521 8.215001 
1.669174 1.174422 8.213981 
1.914274 1.425322 8.214921 
1.959574 1.441820 8.210631 
1.577274 1.141821 8.223111 
1.939573 1.524721 8.226341 
1.483475 1.172220 8.242071 
1.429874 1.163021 8.248941 
1.897974 1.630221 8.248791 
1.877674 1.714321 8.264761 
1.446611 1.289976 8.307196 
1.389406 1.296206 8.299048 
1.363695 1.332400 8.300677 
1.333399 1.364187 8.300872 
1.483229 1.264166 8.308987 
1.327265 1.419379 8.308678 
1.297274 1.451555 8.309035 
1.595880 1.249441 8.324726 
1.544195 1.261359 8.318314 
1.310415 1.525568 8.322896 
1.269617 1.547362 8.319913 
1.330992 1.668993 8.349064 
1.343801 1.697479 8.366925 
1.312361 1.603501 8.377214 
1.338051 1.640150 8.375213 
1.787886 1.685911 8.373648 
1.757290 1.717409 8.373765 
1.379866 1.723391 8.368226 
1.411489 1.753857 8.368135 
1.466715 1.760302 8.375463 
1.731234 1.753367 8.372468 
1.498732 1.790465 8.375523 
1.309969 1.542523 8.386613 
1.824861 1.598833 8.381100 
1.794573 1.630726 8.381066 
1.674009 1.759005 8.380894 
1.637159 1.784456 8.382984 
1.594467 1.818655 8.385559 
1.298384 1.490778 8.393167 
1.853468 1.503229 8.391268 
1.812483 1.524622 8.394551 
1.572920 1.777746 8.388760 
1.576204 1.786631 8.392573 
1.524431 1.798016 8.399276 
1.716677 1.757967 8.413719 
1.793360 1.380844 8.419878 
1.717474 1.312021 8.445051 
1.748674 1.342921 8.445011 
1.784374 1.369320 8.443561 
1.630875 1.274121 8.452761 
1.662374 1.304821 8.452611 
1.789474 1.426621 8.451801 
1.814573 1.463721 8.453741 
1.535475 1.244721 8.463261 
1.556475 1.285921 8.466371 
1.816173 1.524721 8.463151 
1.827074 1.576620 8.469671 
1.412575 1.303721 8.491971 
1.488834 1.390093 8.549182 
1.458546 1.422179 8.549439 
1.428047 1.454067 8.549637 
1.598534 1.372530 8.564483 
1.546846 1.384447 8.557881 
1.433538 1.520827 8.561516 
1.393974 1.544001 8.558827 
1.440365 1.598780 8.616328 
1.472284 1.629246 8.616288 
1.504007 1.659912 8.616197 
1.435108 1.540743 8.625122 
1.695099 1.593567 8.622209 
1.664305 1.625166 8.622327 
1.633711 1.656965 8.622404 
1.593828 1.694487 8.624592 
1.423525 1.488999 8.631866 
1.730055 1.503905 8.630691 
1.690283 1.526682 8.633685 
1.570892 1.654795 8.627510 
1.575706 1.662007 8.631349 
1.523909 1.673395 8.638243 
1.624775 1.404621 8.693551 
1.656074 1.435721 8.693511 
1.687574 1.466622 8.693421 
1.535475 1.368820 8.702321 
1.557875 1.408821 8.705161 
1.692074 1.524721 8.702211 
1.702974 1.576620 8.708921 
1.571024 1.528887 8.806912 
1.540640 1.561281 8.807200 
1.614561 1.509135 8.811011 
1.562220 1.474030 8.877191 
1.581800 1.517567 8.872929 
1.614023 1.548128 8.872927 
1.584566 1.483670 8.879532 
1.553877 1.515772 8.879561 
1.510273 1.535185 8.883919 
1.514374 1.514820 8.950791 
1.546175 1.545820 8.950671 
1.565075 1.589722 8.954901 
