-30.753 34.1447 -4.91452
-30.7516 34.2262 -4.90715
-30.7503 34.3074 -4.90002
-30.0632 34.9178 -4.90258
-29.9937 34.9382 -4.9067
-30.1541 32.9686 -4.88286
-29.019 32.9674 -4.89487
-28.8868 34.0905 -4.88643
-30.7503 34.3075 -4.89985
-30.7489 34.3885 -4.89253
-30.7475 34.4694 -4.88527
-29.6209 34.9073 -4.88808
-30.2674 34.9352 -4.88363
-30.1992 34.9561 -4.8876
-28.8858 34.1719 -4.87897
-28.8848 34.2533 -4.87154
-28.8838 34.3344 -4.86414
-30.7461 34.55 -4.87803
-30.7448 34.6304 -4.87083
-30.7434 34.7106 -4.86366
-29.3478 34.896 -4.86114
-30.3354 34.9142 -4.87974
-29.4153 34.9189 -4.86602
-30.5363 34.9304 -4.86126
-30.4692 34.9517 -4.86501
-29.4831 34.9418 -4.87094
-28.8829 34.4151 -4.85678
-28.8819 34.4958 -4.84945
-28.8806 34.5761 -4.84207
-30.7049 34.727 -4.84097
-30.7039 34.7738 -4.84247
-30.7421 34.7906 -4.85656
-30.703 34.8205 -4.84398
-30.7407 34.8703 -4.84942
-30.7021 34.8673 -4.84551
-30.7012 34.9141 -4.84704
-29.2124 34.9295 -4.84438
-30.7393 34.9498 -4.84235
-30.668 34.9668 -4.84682
-28.9723 32.9689 -4.82828
-29.5816 33.0018 -4.83749
-30.7185 34.0288 -4.82006
-30.7176 34.0752 -4.82137
-30.7167 34.1217 -4.82268
-30.7158 34.1681 -4.82402
-30.7149 34.2145 -4.82536
-30.714 34.261 -4.82671
-30.7131 34.3075 -4.82808
-30.7122 34.354 -4.82946
-30.7112 34.4006 -4.83086
-30.7103 34.4472 -4.83226
-30.7094 34.4937 -4.83368
-30.7085 34.5404 -4.83511
-30.7076 34.587 -4.83656
-30.7067 34.6337 -4.83802
-28.8799 34.6563 -4.83489
-30.7058 34.6803 -4.83949
-28.879 34.7363 -4.82766
-28.878 34.816 -4.82045
-29.1459 34.9063 -4.83965
-29.0127 34.9389 -4.82321
-30.661 34.9536 -4.82981
-29.5835 33.0472 -4.81525
-30.7328 33.2891 -4.80091
-30.7319 33.3352 -4.80202
-30.731 33.3813 -4.80313
-30.7301 33.4275 -4.80426
-30.7292 33.4736 -4.8054
-30.7283 33.5198 -4.80655
-30.7274 33.566 -4.80772
-30.7265 33.6122 -4.80889
-30.7256 33.6584 -4.81009
-30.7247 33.7046 -4.81129
-30.7238 33.7509 -4.8125
-30.7229 33.7972 -4.81374
-30.722 33.8435 -4.81497
-30.7211 33.8898 -4.81622
-30.7202 33.9361 -4.8175
-30.7194 33.9825 -4.81877
-30.6856 34.7094 -4.80551
-30.7085 34.7911 -4.81184
-28.877 34.8956 -4.81328
-29.9322 34.9197 -4.80142
-29.8896 34.919 -4.80128
-29.7816 34.9176 -4.80051
-29.7425 34.917 -4.80047
-29.7369 34.9168 -4.80007
-29.7033 34.9164 -4.80043
-29.664 34.9159 -4.80039
-29.625 34.9153 -4.80036
-29.5857 34.9147 -4.80035
-29.5462 34.9141 -4.80037
-29.507 34.9135 -4.80038
-29.4677 34.913 -4.80041
-29.4285 34.9124 -4.80046
-29.3893 34.9118 -4.80051
-29.3503 34.9113 -4.80057
-29.3111 34.9107 -4.80065
-29.2715 34.9101 -4.80075
-29.2323 34.9095 -4.80086
-29.1933 34.909 -4.80096
-29.1541 34.9084 -4.80108
-29.1148 34.9078 -4.80122
-29.0756 34.9072 -4.80138
-29.035 34.9065 -4.80079
-28.9957 34.906 -4.80093
-28.9475 34.9148 -4.81763
-28.9171 34.9048 -4.80125
-28.8779 34.9042 -4.80143
-28.8397 34.9038 -4.80258
-30.8412 34.9331 -4.80667
-30.8021 34.9325 -4.80629
-30.7947 34.9328 -4.81188
-30.7628 34.9319 -4.80591
-30.7554 34.9322 -4.81127
-30.7235 34.9313 -4.80555
-30.7161 34.9316 -4.81068
-30.6842 34.9307 -4.8052
-30.6769 34.931 -4.81011
-30.6446 34.9302 -4.80512
-30.6383 34.9303 -4.80905
-30.6033 34.9296 -4.80599
-30.5976 34.9298 -4.80945
-30.5663 34.929 -4.80421
-30.5567 34.9292 -4.80985
-30.527 34.9284 -4.80391
-30.5174 34.9286 -4.80924
-30.4878 34.9279 -4.80362
-30.4782 34.928 -4.80865
-30.4485 34.9273 -4.80335
-30.4389 34.9274 -4.80807
-30.4093 34.9267 -4.80307
-30.3997 34.9268 -4.80751
-30.3653 34.9262 -4.80487
-30.326 34.9256 -4.80448
-30.2866 34.925 -4.80418
-30.2481 34.9244 -4.80358
-30.2088 34.9238 -4.80324
-30.1696 34.9233 -4.80291
-30.1304 34.9227 -4.80261
-30.0894 34.9221 -4.80268
-30.0499 34.9215 -4.8024
-30.0107 34.9209 -4.80206
-29.9714 34.9203 -4.80173
-30.739 32.9669 -4.79355
-30.7643 32.9807 -4.79739
-30.7382 33.0129 -4.79457
-30.7373 33.0589 -4.79559
-30.7364 33.1049 -4.79663
-30.7355 33.1509 -4.79769
-30.7346 33.197 -4.79875
-30.7337 33.243 -4.79982
-30.6626 34.628 -4.79925
-28.9913 34.794 -4.78002
-28.9912 34.8408 -4.7813
-28.991 34.8876 -4.78258
-29.7347 34.9167 -4.79993
-29.6959 34.9161 -4.79969
-29.6567 34.9155 -4.79944
-29.6223 34.9151 -4.79997
-29.6167 34.9148 -4.79906
-29.5831 34.9146 -4.79989
-29.5775 34.9142 -4.79881
-29.5366 34.9135 -4.79818
-29.4974 34.9129 -4.7979
-29.4582 34.9123 -4.79762
-29.4189 34.9117 -4.79736
-29.3797 34.9111 -4.79712
-29.3456 34.9109 -4.79887
-29.3063 34.9103 -4.79881
-29.262 34.9093 -4.79645
-29.2227 34.9087 -4.79625
-29.1886 34.9085 -4.7987
-29.1493 34.908 -4.79869
-29.1101 34.9074 -4.79869
-29.0708 34.9068 -4.79871
-29.0293 34.906 -4.79728
-28.99 34.9054 -4.79725
-28.9507 34.9048 -4.79722
-28.9115 34.9042 -4.79721
-28.8722 34.9036 -4.79722
-28.8324 34.9029 -4.79688
-28.7908 34.902 -4.7949
-28.9909 34.9345 -4.78388
-30.7663 33.0249 -4.77537
-28.9933 34.0021 -4.76036
-28.9932 34.0485 -4.76142
-28.9931 34.0949 -4.76248
-28.9929 34.1414 -4.76357
-28.9928 34.1878 -4.76466
-28.9927 34.2343 -4.76576
-28.9926 34.2808 -4.76688
-28.9925 34.3274 -4.76801
-28.9923 34.3739 -4.76916
-28.9922 34.4205 -4.77031
-28.9921 34.4671 -4.77148
-28.992 34.5138 -4.77266
-28.9919 34.5604 -4.77385
-28.9918 34.6071 -4.77507
-28.9916 34.6538 -4.77628
-28.9915 34.7005 -4.77752
-28.9914 34.7472 -4.77876
-29.5765 32.9693 -4.74062
-28.9959 32.9858 -4.74033
-28.9958 33.0318 -4.74111
-28.9957 33.0778 -4.7419
-28.9955 33.1239 -4.74271
-28.9954 33.1699 -4.74352
-28.9953 33.216 -4.74436
-28.9952 33.2621 -4.74519
-28.9951 33.3082 -4.74604
-28.9949 33.3544 -4.74691
-28.9948 33.4005 -4.74779
-28.9947 33.4467 -4.74869
-28.9946 33.4929 -4.74959
-28.9945 33.539 -4.75051
-28.9944 33.5853 -4.75143
-28.9942 33.6315 -4.75238
-28.9941 33.6777 -4.75333
-28.994 33.724 -4.75429
-28.9939 33.7703 -4.75528
-28.9938 33.8166 -4.75626
-28.9937 33.863 -4.75727
-28.9935 33.9093 -4.75829
-28.9934 33.9557 -4.75932
-28.9949 34.6057 -4.74018
-28.9948 34.6524 -4.74106
-28.9947 34.6991 -4.74193
-28.9947 34.7458 -4.74282
-28.9946 34.7926 -4.74372
-28.9945 34.8393 -4.74465
-28.9944 34.8861 -4.74558
-28.9943 34.933 -4.74652
-28.9942 34.9798 -4.74747
-28.9975 33.2151 -4.72002
-28.9974 33.2611 -4.72052
-28.9973 33.3072 -4.72102
-28.9972 33.3534 -4.72153
-28.9972 33.3995 -4.72206
-28.9971 33.4456 -4.72261
-28.997 33.4918 -4.72317
-28.9969 33.538 -4.72373
-28.9968 33.5842 -4.72431
-28.9967 33.6304 -4.7249
-28.9966 33.6767 -4.7255
-28.9965 33.7229 -4.72612
-28.9965 33.7692 -4.72674
-28.9964 33.8155 -4.72739
-28.9963 33.8618 -4.72803
-28.9962 33.9081 -4.7287
-28.9961 33.9545 -4.72939
-28.996 34.0009 -4.73007
-28.9959 34.0473 -4.73078
-28.9959 34.0937 -4.73149
-28.9958 34.1401 -4.73222
-28.9957 34.1866 -4.73296
-28.9956 34.2331 -4.73372
-28.9955 34.2796 -4.73448
-28.9954 34.3261 -4.73525
-28.9953 34.3726 -4.73605
-28.9953 34.4192 -4.73685
-28.9952 34.4658 -4.73766
-28.9951 34.5124 -4.7385
-28.995 34.559 -4.73933
-30.1613 32.9675 -4.70195
-30.1611 33.0153 -4.70268
-28.9978 33.0309 -4.71818
-30.7752 33.0627 -4.71508
-28.9978 33.0769 -4.71862
-28.9977 33.1229 -4.71908
-30.7738 33.1472 -4.70773
-28.9976 33.169 -4.71954
-30.7724 33.2316 -4.70036
-29.0142 34.7927 -4.71418
-28.9896 34.8744 -4.71926
-28.925 34.912 -4.7021
-30.7667 34.9346 -4.70423
-28.8503 34.9308 -4.70661
-30.8409 34.9555 -4.70982
-30.813 32.9674 -4.69498
-30.7161 32.9674 -4.68783
-30.6195 32.9674 -4.68072
-28.9003 33.008 -4.68827
-28.9 33.008 -4.68822
-30.1631 33.0593 -4.68038
-28.8993 33.0926 -4.68078
-30.7709 33.3157 -4.69306
-30.7695 33.3995 -4.68578
-29.0215 34.4698 -4.68793
-28.9963 34.5499 -4.69282
-28.9713 34.6305 -4.69775
-28.9991 34.8932 -4.69764
-30.6928 34.9135 -4.69869
-29.1453 34.9354 -4.6823
-30.5449 34.9515 -4.68112
-30.5232 32.9674 -4.67365
-30.4271 32.9674 -4.6666
-30.1632 33.0115 -4.68
-28.8982 33.177 -4.67334
-28.8972 33.2611 -4.66593
-30.7681 33.4832 -4.67853
-30.7666 33.5666 -4.67133
-30.7652 33.6497 -4.66414
-29.0307 34.1528 -4.66243
-29.0051 34.2315 -4.66712
-28.9796 34.3106 -4.67187
-29.2914 34.8968 -4.67376
-30.3993 34.9087 -4.67033
-29.2186 34.9161 -4.67798
-30.472 34.93 -4.67575
-30.3314 32.9674 -4.65959
-30.2359 32.9674 -4.65261
-30.1554 32.9694 -4.65501
-28.8962 33.345 -4.65856
-28.8952 33.4286 -4.65121
-28.8942 33.512 -4.6439
-30.7638 33.7327 -4.657
-30.7624 33.8154 -4.64988
-30.761 33.8978 -4.6428
-29.0159 33.9189 -4.64215
-28.99 33.9965 -4.64671
-29.5781 34.8985 -4.6505
-30.1119 34.902 -4.64292
-29.5067 34.9183 -4.65458
-30.183 34.9239 -4.64806
-29.4349 34.938 -4.65872
-30.2548 34.9454 -4.65328
-30.0458 32.9674 -4.63874
-29.9511 32.9674 -4.63186
-29.8567 32.9674 -4.625
-28.8932 33.5952 -4.63663
-28.8922 33.678 -4.62938
-29.0023 33.6882 -4.62227
-28.976 33.7647 -4.62669
-28.8912 33.7607 -4.62216
-30.7596 33.9799 -4.63588
-30.7596 33.98 -4.63566
-30.7582 34.062 -4.62874
-30.7568 34.1437 -4.62175
-30.7064 34.8216 -4.62001
-30.7055 34.8684 -4.62147
-29.8596 34.8983 -4.62797
-29.9 34.9157 -4.62119
-29.8997 34.9157 -4.62119
-29.7894 34.9186 -4.63187
-30.7941 34.9324 -4.62107
-30.7548 34.9318 -4.6204
-30.7108 34.9242 -4.62114
-29.9698 34.9379 -4.62616
-29.7189 34.9387 -4.63583
-29.7626 32.9674 -4.61818
-29.6687 32.9674 -4.61139
-29.5751 32.9674 -4.60463
-29.5811 33.0017 -4.61089
-28.9899 33.4606 -4.60278
-29.0288 33.612 -4.6179
-28.8902 33.8431 -4.61499
-28.8892 33.9254 -4.60784
-28.8882 34.0074 -4.60072
-30.7191 34.1692 -4.60079
-30.7182 34.2156 -4.60209
-30.7554 34.2253 -4.61482
-30.7173 34.2621 -4.60339
-30.754 34.3065 -4.60787
-30.7164 34.3086 -4.60471
-30.7155 34.3551 -4.60604
-30.7527 34.3876 -4.60101
-30.7146 34.4017 -4.60738
-30.7137 34.4482 -4.60873
-30.7128 34.4948 -4.6101
-30.7119 34.5414 -4.61147
-30.711 34.5881 -4.61286
-30.7101 34.6347 -4.61427
-30.7091 34.6814 -4.61568
-30.7082 34.7281 -4.61711
-30.7073 34.7749 -4.61855
-30.7064 34.8216 -4.61997
-30.0669 34.9169 -4.60984
-29.9728 34.9198 -4.60921
-29.9335 34.9192 -4.6089
-29.8926 34.9181 -4.61068
-29.782 34.9171 -4.608
-29.7429 34.9165 -4.60795
-29.7366 34.9162 -4.60745
-29.7017 34.9158 -4.60767
-29.6974 34.9156 -4.60716
-29.6623 34.9152 -4.60755
-29.6575 34.915 -4.60682
-29.6218 34.9113 -4.60258
-29.618 34.9136 -4.60545
-29.5834 34.914 -4.60726
-29.5785 34.9137 -4.60619
-29.5466 34.9136 -4.60784
-29.5384 34.9131 -4.60565
-29.5074 34.9131 -4.60785
-29.4992 34.9125 -4.60538
-29.4681 34.9125 -4.60788
-29.46 34.9119 -4.6051
-29.4249 34.9116 -4.6064
-29.3856 34.911 -4.60629
-29.3464 34.9104 -4.60621
-29.3071 34.9098 -4.60614
-29.2679 34.9092 -4.60608
-29.2287 34.9086 -4.60602
-29.1894 34.908 -4.60598
-29.1501 34.9075 -4.60595
-29.1118 34.907 -4.6065
-29.0725 34.9064 -4.60652
-29.0333 34.9058 -4.60656
-28.994 34.9052 -4.60661
-28.9547 34.9046 -4.60666
-28.9154 34.904 -4.60674
-28.8762 34.9034 -4.60683
-28.8401 34.9033 -4.60991
-28.8339 34.9024 -4.60422
-28.7926 34.9016 -4.60224
-30.8416 34.9326 -4.614
-30.8023 34.932 -4.61362
-30.763 34.9314 -4.61326
-30.7238 34.9308 -4.6129
-30.7156 34.9312 -4.61972
-30.6845 34.9303 -4.61256
-30.6763 34.9306 -4.6191
-30.6452 34.9297 -4.61224
-30.637 34.93 -4.61847
-30.606 34.9291 -4.61192
-30.5978 34.9294 -4.61786
-30.5667 34.9285 -4.61162
-30.5585 34.9288 -4.61725
-30.5274 34.9279 -4.61132
-30.5192 34.9281 -4.61666
-30.4846 34.9274 -4.61327
-30.4453 34.9269 -4.61287
-30.4061 34.9263 -4.61248
-30.3668 34.9257 -4.61211
-30.3276 34.9251 -4.61174
-30.2883 34.9245 -4.61138
-30.2491 34.9239 -4.61103
-30.2099 34.9234 -4.61071
-30.1687 34.9228 -4.61101
-30.1297 34.9222 -4.61059
-30.0904 34.9216 -4.61023
-30.0512 34.921 -4.60987
-30.012 34.9204 -4.60954
-29.9975 34.9373 -4.61367
-29.6925 34.9235 -4.60264
-29.7589 34.951 -4.60457
-29.4818 32.9674 -4.5979
-29.3887 32.9674 -4.5912
-29.2959 32.9674 -4.58453
-28.9758 32.9701 -4.59333
-29.583 33.0454 -4.58866
-28.9786 33.236 -4.58366
-30.7343 33.3824 -4.5807
-29.0167 33.3854 -4.59854
-30.7335 33.4286 -4.58178
-30.7326 33.4747 -4.58288
-30.7317 33.5209 -4.58398
-30.7308 33.5671 -4.58511
-30.7299 33.6133 -4.58624
-30.729 33.6595 -4.58739
-30.7281 33.7057 -4.58855
-30.7272 33.752 -4.58972
-30.7263 33.7982 -4.5909
-30.7254 33.8446 -4.5921
-30.7245 33.8909 -4.5933
-30.7236 33.9372 -4.59452
-30.7228 33.9836 -4.59575
-30.7219 34.0299 -4.59699
-30.7209 34.0763 -4.59825
-28.8872 34.0891 -4.59363
-30.72 34.1227 -4.59952
-28.8862 34.1706 -4.58658
-30.7513 34.4685 -4.59415
-30.7499 34.549 -4.58728
-30.7485 34.6295 -4.58049
-30.3391 34.9133 -4.58853
-29.6207 34.906 -4.59485
-30.2712 34.9342 -4.59214
-29.6901 34.9285 -4.59979
-30.203 34.9551 -4.59579
-30.7424 32.968 -4.57146
-29.2034 32.9674 -4.57789
-29.1111 32.9674 -4.57129
-29.019 32.9674 -4.56471
-30.7638 32.9805 -4.56239
-30.7415 33.014 -4.57244
-30.7406 33.06 -4.57343
-29.033 33.088 -4.57549
-30.7397 33.106 -4.57443
-30.7388 33.152 -4.57544
-29.0058 33.1618 -4.57955
-30.7379 33.1981 -4.57648
-30.737 33.2441 -4.57751
-30.7361 33.2902 -4.57856
-30.7352 33.3363 -4.57962
-28.8852 34.252 -4.57956
-28.8843 34.333 -4.57257
-28.8833 34.4138 -4.56561
-30.7471 34.7097 -4.57375
-30.7458 34.7896 -4.56697
-30.7444 34.8694 -4.56026
-29.3482 34.8946 -4.56963
-29.4157 34.9176 -4.57422
-30.54 34.9294 -4.5713
-30.473 34.9508 -4.57475
-29.4836 34.9404 -4.57887
-30.7658 33.023 -4.54038
-28.9925 34.1412 -4.54032
-28.9923 34.1877 -4.54136
-28.9922 34.2341 -4.54241
-28.9921 34.2807 -4.54348
-28.992 34.3272 -4.54456
-28.9919 34.3738 -4.54565
-28.9917 34.4203 -4.54675
-28.9916 34.4669 -4.54786
-28.8823 34.4944 -4.55868
-28.9915 34.5136 -4.54899
-28.9914 34.5602 -4.55013
-28.8813 34.5748 -4.55178
-28.9913 34.6069 -4.55129
-28.9911 34.6536 -4.55244
-28.8804 34.655 -4.54493
-28.8797 34.6549 -4.54474
-28.991 34.7003 -4.55363
-28.9909 34.7471 -4.55481
-28.9908 34.7938 -4.55601
-28.9907 34.8406 -4.55723
-28.9906 34.8874 -4.55845
-29.1463 34.905 -4.54936
-29.2131 34.928 -4.55386
-28.9904 34.9343 -4.55969
-30.743 34.9489 -4.55358
-30.6718 34.9659 -4.55775
-28.9951 33.1237 -4.52044
-28.9949 33.1698 -4.52122
-28.9948 33.2159 -4.52201
-28.9947 33.2619 -4.52281
-28.9946 33.3081 -4.52363
-28.9945 33.3542 -4.52445
-28.9943 33.4003 -4.52528
-28.9942 33.4465 -4.52614
-28.9941 33.4927 -4.527
-28.994 33.5389 -4.52787
-28.9939 33.5851 -4.52876
-28.9938 33.6313 -4.52966
-28.9936 33.6776 -4.53056
-28.9935 33.7238 -4.53149
-28.9934 33.7701 -4.53242
-28.9933 33.8165 -4.53336
-28.9932 33.8628 -4.53432
-28.993 33.9091 -4.53529
-28.9929 33.9555 -4.53627
-28.9928 34.0019 -4.53726
-28.9927 34.0483 -4.53827
-28.9926 34.0947 -4.53929
-28.8795 34.735 -4.53809
-28.8784 34.8147 -4.53127
-28.994 34.8375 -4.52064
-28.9939 34.8843 -4.52151
-28.8775 34.8943 -4.52449
-28.9474 34.914 -4.52952
-29.0131 34.9376 -4.53385
-28.9938 34.9312 -4.5224
-28.9937 34.978 -4.52329
-29.5799 32.9704 -4.51024
-28.9954 32.9856 -4.51817
-28.9953 33.0316 -4.51892
-28.9952 33.0777 -4.51967
-28.9966 33.4438 -4.50011
-28.9965 33.49 -4.50062
-28.9964 33.5362 -4.50115
-28.9963 33.5824 -4.50168
-28.9962 33.6286 -4.50223
-28.9962 33.6749 -4.50279
-28.9961 33.7211 -4.50336
-28.996 33.7674 -4.50394
-28.9959 33.8137 -4.50454
-28.9958 33.86 -4.50514
-28.9957 33.9063 -4.50576
-28.9956 33.9527 -4.50639
-28.9956 33.9991 -4.50703
-28.9955 34.0455 -4.50768
-28.9954 34.0919 -4.50835
-28.9953 34.1383 -4.50903
-28.9952 34.1848 -4.50972
-28.9951 34.2313 -4.51042
-28.995 34.2778 -4.51114
-28.995 34.3243 -4.51186
-28.9949 34.3708 -4.5126
-28.9948 34.4174 -4.51335
-28.9947 34.464 -4.51411
-28.9946 34.5106 -4.51488
-28.9945 34.5572 -4.51567
-28.9944 34.6039 -4.51647
-28.9943 34.6506 -4.51728
-28.9943 34.6973 -4.5181
-28.9942 34.744 -4.51894
-28.9941 34.7908 -4.51978
-28.9974 33.0291 -4.49603
-28.9973 33.0751 -4.49644
-28.9972 33.1211 -4.49685
-28.9971 33.1672 -4.49728
-28.997 33.2133 -4.49773
-28.9969 33.2593 -4.49818
-28.9968 33.3054 -4.49864
-28.9968 33.3516 -4.49912
-28.9967 33.3977 -4.49961
-30.6655 34.9577 -4.48868
-30.1608 32.9673 -4.47152
-30.1606 33.0151 -4.47222
-30.69 34.7135 -4.4659
-30.7129 34.7953 -4.47187
-30.1627 33.0096 -4.44957
-30.1626 33.0574 -4.44993
-30.667 34.6321 -4.45997
-30.1609 32.9708 -4.43036
-30.842 34.9321 -4.42187
-30.8029 34.9315 -4.42152
-30.7982 34.9318 -4.42649
-30.7619 34.931 -4.42283
-30.7578 34.9313 -4.42708
-30.7227 34.9304 -4.42242
-30.7186 34.9307 -4.42641
-30.6834 34.9298 -4.42202
-30.6792 34.9301 -4.42602
-30.6426 34.9293 -4.423
-30.6396 34.9295 -4.42576
-30.5996 34.9289 -4.4258
-30.5639 34.9282 -4.42219
-30.5247 34.9276 -4.42176
-30.4854 34.927 -4.42135
-30.4462 34.9264 -4.42095
-30.4068 34.9258 -4.42062
-30.3676 34.9252 -4.42024
-30.2476 34.9234 -4.42025
-30.7791 33.0617 -4.41736
-30.7776 33.1463 -4.41042
-30.7762 33.2307 -4.40351
-30.013 34.9199 -4.41764
-29.9741 34.9194 -4.41725
-29.9367 34.9188 -4.41672
-29.8933 34.9181 -4.41681
-29.7824 34.9166 -4.41603
-29.7416 34.9159 -4.41582
-29.7375 34.9157 -4.41544
-29.7024 34.9154 -4.4157
-29.6983 34.9151 -4.41514
-29.6617 34.9147 -4.41532
-29.6587 34.9145 -4.41479
-29.6221 34.9141 -4.41511
-29.6187 34.9138 -4.41426
-29.5832 34.9135 -4.41503
-29.544 34.9129 -4.4149
-29.5048 34.9123 -4.41477
-29.4655 34.9117 -4.41467
-29.4263 34.9111 -4.41457
-29.3871 34.9106 -4.41448
-29.3478 34.91 -4.4144
-29.3082 34.9093 -4.41413
-29.269 34.9088 -4.41407
-29.2301 34.9082 -4.41424
-29.1908 34.9076 -4.41421
-29.1516 34.907 -4.41418
-29.1123 34.9064 -4.41418
-29.0731 34.9058 -4.41418
-29.0338 34.9053 -4.41419
-28.9945 34.9047 -4.41422
-28.9553 34.9041 -4.41426
-28.9288 34.9111 -4.40336
-28.9156 34.9034 -4.41395
-28.8764 34.9028 -4.41399
-28.8404 34.9028 -4.41778
-28.8337 34.9017 -4.41021
-28.7944 34.9011 -4.41012
-30.7671 34.9332 -4.40513
-30.6064 34.9286 -4.41986
-30.5674 34.928 -4.41956
-30.5282 34.9274 -4.41927
-30.4889 34.9269 -4.419
-30.4496 34.9263 -4.41874
-30.4091 34.9257 -4.41924
-30.3699 34.9252 -4.41895
-30.3286 34.9246 -4.41973
-30.2894 34.924 -4.41938
-30.2498 34.9234 -4.41923
-30.2095 34.9229 -4.41935
-30.1702 34.9223 -4.41897
-30.131 34.9217 -4.4186
-30.0918 34.9211 -4.41825
-30.0525 34.9205 -4.4179
-30.0171 34.92 -4.4168
-28.8542 34.9298 -4.40753
-30.8413 34.9541 -4.41038
-29.5806 33.0015 -4.38482
-28.9007 33.0067 -4.39052
-28.8997 33.0912 -4.38348
-30.7747 33.3147 -4.39663
-30.7733 33.3986 -4.38978
-30.7719 33.4823 -4.38296
-30.7207 34.2632 -4.38061
-30.7198 34.3097 -4.38187
-30.7189 34.3562 -4.38315
-30.718 34.4028 -4.38443
-30.7171 34.4493 -4.38573
-30.7161 34.4959 -4.38704
-30.7152 34.5425 -4.38837
-30.7143 34.5892 -4.3897
-30.7134 34.6358 -4.39105
-30.7125 34.6825 -4.3924
-30.7116 34.7292 -4.39378
-30.7107 34.776 -4.39515
-30.7098 34.8227 -4.39655
-30.7089 34.8695 -4.39795
-29.0029 34.8922 -4.39924
-30.7079 34.9163 -4.39937
-30.6932 34.9121 -4.39993
-29.2224 34.9151 -4.38095
-29.1492 34.9344 -4.38494
-30.5453 34.9501 -4.38341
-29.5826 33.0436 -4.3626
-28.8987 33.1756 -4.37647
-28.8977 33.2598 -4.36949
-28.8966 33.3436 -4.36254
-30.7359 33.4758 -4.36089
-30.735 33.522 -4.36196
-30.7704 33.5656 -4.3762
-30.7341 33.5681 -4.36303
-30.7332 33.6143 -4.36413
-30.769 33.6488 -4.36942
-30.7323 33.6606 -4.36523
-30.7314 33.7068 -4.36634
-30.7676 33.7318 -4.36269
-30.7305 33.7531 -4.36747
-30.7296 33.7993 -4.3686
-30.7287 33.8456 -4.36975
-30.7278 33.892 -4.37091
-30.7269 33.9383 -4.37208
-30.7261 33.9846 -4.37327
-30.7252 34.031 -4.37446
-30.7243 34.0774 -4.37566
-30.7234 34.1238 -4.37689
-30.7225 34.1703 -4.37811
-30.7216 34.2167 -4.37936
-29.0142 34.7927 -4.37416
-28.9896 34.8744 -4.37889
-29.2952 34.8958 -4.377
-30.4 34.9073 -4.37337
-30.3998 34.9073 -4.3733
-30.4725 34.9287 -4.37836
-29.4387 34.9371 -4.36308
-30.813 32.9674 -4.35629
-30.7457 32.9691 -4.3499
-30.7161 32.9674 -4.34965
-30.6195 32.9674 -4.34303
-28.9793 32.9712 -4.35891
-30.7448 33.015 -4.35085
-30.7439 33.0611 -4.3518
-30.7431 33.1071 -4.35276
-30.7422 33.1531 -4.35374
-30.7413 33.1992 -4.35472
-30.7404 33.2452 -4.35573
-30.7395 33.2913 -4.35674
-30.7386 33.3374 -4.35776
-30.7377 33.3835 -4.35879
-30.7368 33.4296 -4.35984
-28.8956 33.4273 -4.35562
-28.8946 33.5106 -4.34874
-28.8936 33.5938 -4.34187
-30.7662 33.8144 -4.35603
-30.7648 33.8969 -4.34933
-30.7634 33.9791 -4.3427
-29.0215 34.4698 -4.34974
-28.9963 34.5499 -4.35428
-28.9713 34.6305 -4.35888
-29.5819 34.8975 -4.35542
-30.1123 34.9006 -4.34753
-29.5105 34.9174 -4.3592
-30.1838 34.9222 -4.35238
-29.7227 34.9378 -4.34176
-30.2552 34.944 -4.35725
-30.5232 32.9674 -4.33644
-30.4271 32.9674 -4.32989
-30.3314 32.9674 -4.32336
-30.7633 32.9803 -4.32792
-28.8926 33.6767 -4.33505
-28.8916 33.7593 -4.32825
-28.8906 33.8418 -4.32149
-30.762 34.061 -4.33608
-30.7606 34.1428 -4.32951
-29.0307 34.1528 -4.32601
-30.7592 34.2243 -4.32297
-29.0051 34.2315 -4.33037
-28.9916 34.2805 -4.32062
-28.9796 34.3106 -4.33479
-28.9915 34.327 -4.32164
-28.9914 34.3736 -4.32268
-28.9913 34.4202 -4.32372
-28.9911 34.4668 -4.32479
-28.991 34.5134 -4.32586
-28.9909 34.5601 -4.32694
-28.9908 34.6067 -4.32804
-28.9907 34.6534 -4.32914
-28.9905 34.7001 -4.33027
-28.9904 34.7469 -4.33139
-28.9903 34.7937 -4.33253
-28.9902 34.8405 -4.33369
-29.8634 34.8974 -4.33449
-28.9901 34.8873 -4.33485
-29.9001 34.9143 -4.32709
-29.8998 34.9144 -4.32703
-29.7931 34.9176 -4.3381
-30.0013 34.9363 -4.32117
-29.9702 34.9365 -4.33178
-28.9899 34.9341 -4.33603
-30.2359 32.9674 -4.31687
-30.1407 32.9674 -4.3104
-30.0458 32.9674 -4.30396
-30.7653 33.0212 -4.30592
-28.9943 33.2157 -4.3002
-28.9942 33.2618 -4.30096
-28.9941 33.3079 -4.30174
-28.994 33.354 -4.30252
-28.9939 33.4002 -4.30332
-28.9937 33.4463 -4.30412
-28.9936 33.4925 -4.30494
-28.9935 33.5387 -4.30577
-28.9934 33.5849 -4.30661
-28.9933 33.6312 -4.30747
-28.9932 33.6774 -4.30833
-28.993 33.7237 -4.30921
-28.9929 33.77 -4.31009
-28.9928 33.8163 -4.311
-28.9927 33.8626 -4.3119
-29.0159 33.9189 -4.30714
-28.9926 33.909 -4.31282
-28.8896 33.9241 -4.31475
-28.9924 33.9553 -4.31376
-28.99 33.9965 -4.31138
-28.9923 34.0017 -4.3147
-28.8886 34.006 -4.30805
-28.9922 34.0481 -4.31566
-28.9921 34.0946 -4.31663
-28.8876 34.0878 -4.30137
-28.992 34.141 -4.31761
-28.9918 34.1875 -4.3186
-28.9917 34.234 -4.3196
-30.7578 34.3056 -4.31645
-30.7564 34.3867 -4.30996
-30.755 34.4676 -4.3035
-30.0707 34.916 -4.31764
-29.6218 34.9046 -4.30253
-30.2749 34.9333 -4.30117
-29.6906 34.9272 -4.30701
-30.2067 34.9542 -4.30455
-29.7596 34.9497 -4.31156
-29.9511 32.9674 -4.29756
-29.8567 32.9674 -4.29118
-29.7626 32.9674 -4.28483
-29.5834 32.9716 -4.28038
-28.9949 32.9854 -4.29655
-28.9948 33.0315 -4.29726
-28.9947 33.0775 -4.29797
-28.9946 33.1235 -4.29871
-28.9944 33.1696 -4.29944
-29.0288 33.612 -4.28457
-28.9958 33.6268 -4.28009
-28.9957 33.6731 -4.28061
-29.0023 33.6882 -4.28864
-28.9956 33.7193 -4.28113
-28.9955 33.7656 -4.28167
-28.976 33.7647 -4.29275
-28.9954 33.8119 -4.28221
-28.9953 33.8582 -4.28278
-28.9953 33.9045 -4.28335
-28.9952 33.9509 -4.28393
-28.9951 33.9973 -4.28453
-28.995 34.0437 -4.28513
-28.9949 34.0901 -4.28575
-28.9948 34.1365 -4.28638
-28.8866 34.1692 -4.29473
-28.9947 34.183 -4.28702
-28.9946 34.2295 -4.28767
-28.8857 34.2506 -4.28811
-28.9946 34.276 -4.28833
-28.9945 34.3225 -4.28901
-28.8847 34.3317 -4.28153
-28.9944 34.369 -4.28969
-28.9943 34.4156 -4.29039
-28.9942 34.4622 -4.29109
-28.9941 34.5088 -4.29181
-30.7536 34.5481 -4.29707
-28.994 34.5554 -4.29255
-28.994 34.6021 -4.29329
-30.7522 34.6286 -4.29067
-28.9939 34.6488 -4.29404
-28.9938 34.6955 -4.2948
-30.7509 34.7087 -4.2843
-28.9937 34.7422 -4.29559
-28.9936 34.7889 -4.29637
-28.9935 34.8357 -4.29717
-28.9934 34.8825 -4.29798
-30.3429 34.9123 -4.29784
-29.4162 34.9162 -4.28297
-30.5437 34.9285 -4.28179
-29.4842 34.9389 -4.28736
-28.9934 34.9293 -4.2988
-30.4767 34.9498 -4.28501
-28.9933 34.9762 -4.29964
-29.6687 32.9674 -4.27851
-29.5751 32.9674 -4.27222
-29.4818 32.9674 -4.26596
-28.9969 33.0273 -4.27442
-28.9968 33.0733 -4.27478
-28.9967 33.1193 -4.27516
-28.9966 33.1654 -4.27556
-28.9965 33.2115 -4.27596
-28.9965 33.2575 -4.27638
-28.9964 33.3036 -4.2768
-28.9963 33.3498 -4.27724
-29.0167 33.3854 -4.26655
-28.9962 33.3959 -4.27769
-28.9961 33.442 -4.27814
-28.9899 33.4606 -4.2705
-28.996 33.4882 -4.27861
-28.9959 33.5344 -4.2791
-28.9959 33.5806 -4.27958
-28.8837 34.4124 -4.27497
-28.8827 34.4931 -4.26845
-28.8817 34.5735 -4.26195
-30.7495 34.7887 -4.27795
-30.7481 34.8685 -4.27163
-29.3486 34.8933 -4.27866
-29.2135 34.9267 -4.26383
-30.7468 34.948 -4.26535
-30.6755 34.965 -4.26919
-30.1603 32.9671 -4.24162
-29.3887 32.9674 -4.25972
-29.2959 32.9674 -4.25352
-29.2034 32.9674 -4.24734
-29.1111 32.9674 -4.24119
-30.1601 33.0149 -4.24228
-29.0327 33.0876 -4.24506
-29.0055 33.1615 -4.24884
-28.9783 33.2357 -4.25266
-28.8808 34.6536 -4.25547
-28.8798 34.7336 -4.24903
-28.8785 34.8133 -4.24253
-29.1467 34.9036 -4.2596
-28.9478 34.9127 -4.24096
-29.0135 34.9362 -4.24501
-29.019 32.9674 -4.23507
-28.8779 34.8929 -4.23624
-30.0143 34.9195 -4.2262
-29.9769 34.9189 -4.22551
-29.9376 34.9183 -4.22527
-29.8951 34.9176 -4.22536
-29.7828 34.9161 -4.22459
-29.742 34.9154 -4.22432
-29.7395 34.9153 -4.22405
-29.7017 34.9148 -4.22401
-29.7 34.9147 -4.22372
-29.6616 34.9141 -4.22364
-29.6224 34.9135 -4.22341
-29.5831 34.9129 -4.2232
-29.545 34.9124 -4.22345
-29.5058 34.9118 -4.22332
-29.4666 34.9113 -4.2232
-29.4273 34.9107 -4.2231
-29.3881 34.9101 -4.22301
-29.3478 34.9094 -4.22222
-29.3093 34.9089 -4.22265
-29.2693 34.9082 -4.2219
-29.23 34.9076 -4.22178
-29.1908 34.907 -4.22168
-29.1515 34.9064 -4.22159
-29.1123 34.9058 -4.2215
-29.073 34.9052 -4.22144
-29.0337 34.9046 -4.22138
-28.9945 34.904 -4.22132
-28.9566 34.9037 -4.22303
-28.9186 34.9033 -4.22464
-28.8802 34.9029 -4.226
-28.8766 34.9022 -4.22124
-28.841 34.9023 -4.22619
-28.8373 34.9016 -4.22123
-30.8424 34.9316 -4.23027
-30.8031 34.931 -4.22992
-30.7977 34.9315 -4.23735
-30.7615 34.9306 -4.23275
-30.7222 34.93 -4.23229
-30.6818 34.9295 -4.23323
-30.6425 34.9289 -4.23273
-30.6044 34.9283 -4.23096
-30.5651 34.9277 -4.23054
-30.5259 34.9271 -4.23013
-30.4866 34.9265 -4.22973
-30.4474 34.9259 -4.22935
-30.4081 34.9253 -4.22897
-30.3689 34.9247 -4.22861
-30.3285 34.9242 -4.22908
-30.2893 34.9236 -4.22867
-30.25 34.923 -4.22828
-30.2122 34.9224 -4.22712
-30.173 34.9218 -4.22682
-30.1338 34.9213 -4.22653
-30.0945 34.9207 -4.22626
-30.0545 34.9201 -4.22624
-30.1643 32.9719 -4.20488
-30.1622 33.0077 -4.21968
-30.1621 33.0556 -4.21999
-28.9149 34.9026 -4.21996
-28.8756 34.902 -4.21989
-28.8363 34.9014 -4.21983
-28.7962 34.9006 -4.21853
-30.7222 34.3573 -4.16076
-30.7213 34.4039 -4.16199
-30.7204 34.4504 -4.16325
-30.7195 34.497 -4.1645
-30.7186 34.5436 -4.16577
-30.7177 34.5903 -4.16704
-30.7168 34.6369 -4.16834
-30.7159 34.6836 -4.16964
-30.715 34.7303 -4.17095
-30.714 34.7771 -4.17227
-30.7131 34.8238 -4.17361
-30.7122 34.8706 -4.17495
-30.7113 34.9174 -4.17631
-29.5801 33.0013 -4.15927
-30.7383 33.523 -4.14043
-30.7374 33.5692 -4.14147
-30.7365 33.6154 -4.14252
-30.7356 33.6617 -4.14357
-30.7347 33.7079 -4.14464
-30.7338 33.7542 -4.14573
-30.733 33.8004 -4.14681
-30.7321 33.8467 -4.14791
-30.7312 33.893 -4.14902
-30.7302 33.9394 -4.15015
-30.7294 33.9857 -4.15129
-30.7285 34.0321 -4.15243
-30.7276 34.0785 -4.15359
-30.7267 34.1249 -4.15476
-30.7258 34.1714 -4.15594
-30.7249 34.2178 -4.15712
-30.724 34.2643 -4.15833
-30.7231 34.3108 -4.15954
-30.6699 34.9619 -4.14808
-30.7491 32.9701 -4.12884
-28.9828 32.9724 -4.125
-30.7482 33.0161 -4.12975
-29.5821 33.0417 -4.13705
-30.7829 33.0608 -4.12016
-30.7473 33.0621 -4.13066
-30.7464 33.1082 -4.1316
-30.7455 33.1542 -4.13254
-30.7446 33.2002 -4.13348
-30.7437 33.2463 -4.13444
-30.7428 33.2924 -4.13542
-30.7419 33.3385 -4.1364
-30.741 33.3846 -4.13739
-30.7401 33.4307 -4.13839
-30.7392 33.4769 -4.13941
-30.6718 34.6358 -4.12117
-30.6948 34.7172 -4.12674
-30.7177 34.799 -4.13237
-30.7814 33.1454 -4.11365
-30.78 33.2297 -4.10723
-30.78 33.2297 -4.1071
-30.7786 33.3138 -4.10072
-28.9909 34.3734 -4.10022
-28.9908 34.42 -4.10121
-28.9909 34.42 -4.10123
-28.9906 34.4666 -4.10222
-28.9905 34.5132 -4.10323
-28.9904 34.5599 -4.10425
-28.9903 34.6066 -4.1053
-28.9902 34.6533 -4.10635
-28.9901 34.7 -4.1074
-28.9902 34.7 -4.10747
-28.9899 34.7467 -4.10848
-28.9898 34.7935 -4.10956
-28.9897 34.8403 -4.11066
-29.0068 34.8913 -4.10134
-28.9896 34.8871 -4.11176
-30.6937 34.9107 -4.10169
-28.9326 34.9101 -4.10513
-30.7675 34.9318 -4.10655
-28.9895 34.9339 -4.11289
-28.858 34.9289 -4.10897
-30.8418 34.9528 -4.11146
-30.7628 32.9801 -4.09396
-28.9011 33.0053 -4.09329
-28.9001 33.0899 -4.08668
-28.8998 33.0898 -4.08663
-28.8991 33.1742 -4.0801
-28.9936 33.3077 -4.08035
-28.9935 33.3538 -4.08109
-30.7771 33.3977 -4.09429
-28.9934 33.4 -4.08185
-28.9935 33.4 -4.08186
-28.9933 33.4462 -4.08261
-30.7757 33.4813 -4.08789
-28.9931 33.4923 -4.08338
-28.993 33.5385 -4.08418
-30.7742 33.5647 -4.08154
-28.9929 33.5848 -4.08497
-28.9928 33.631 -4.08578
-28.9927 33.6772 -4.0866
-28.9925 33.7235 -4.08744
-28.9924 33.7698 -4.08827
-28.9923 33.8161 -4.08913
-28.9922 33.8624 -4.08999
-28.9921 33.9088 -4.09086
-28.992 33.9552 -4.09175
-28.9918 34.0015 -4.09264
-28.9917 34.048 -4.09356
-28.9916 34.0944 -4.09447
-28.9915 34.1408 -4.09541
-28.9914 34.1873 -4.09634
-28.9912 34.2338 -4.09729
-28.9911 34.2803 -4.09826
-28.991 34.3269 -4.09923
-29.299 34.8949 -4.08079
-29.2262 34.9142 -4.08442
-30.4729 34.9273 -4.08149
-29.153 34.9335 -4.08809
-30.5457 34.9487 -4.08622
-28.9944 32.9853 -4.07543
-30.7648 33.0193 -4.07196
-28.9943 33.0313 -4.0761
-28.9942 33.0773 -4.07678
-28.9941 33.1234 -4.07748
-28.994 33.1694 -4.07817
-28.9938 33.2155 -4.07889
-28.8981 33.2584 -4.07355
-28.9937 33.2616 -4.07961
-28.8971 33.3423 -4.06702
-28.8961 33.4259 -4.06052
-30.7728 33.6479 -4.0752
-30.7714 33.7308 -4.06889
-30.77 33.8135 -4.06262
-28.995 33.8101 -4.0604
-28.9949 33.8564 -4.06092
-28.9948 33.9027 -4.06144
-28.9947 33.9491 -4.06198
-28.9946 33.9955 -4.06252
-28.9945 34.0419 -4.06308
-28.9944 34.0883 -4.06365
-28.9943 34.1347 -4.06423
-28.9943 34.1812 -4.06482
-28.9942 34.2277 -4.06542
-28.9941 34.2742 -4.06603
-28.994 34.3207 -4.06666
-28.9939 34.3672 -4.06729
-28.9938 34.4138 -4.06793
-28.9937 34.4604 -4.06859
-28.9937 34.507 -4.06925
-28.9936 34.5536 -4.06992
-28.9935 34.6003 -4.07061
-28.9934 34.647 -4.07131
-28.9933 34.6937 -4.07202
-28.9932 34.7404 -4.07273
-28.9931 34.7871 -4.07347
-28.993 34.8339 -4.07421
-29.5857 34.8966 -4.06086
-28.993 34.8807 -4.07496
-30.4005 34.9059 -4.07682
-30.4 34.906 -4.07669
-29.5143 34.9164 -4.06432
-29.4425 34.9361 -4.06781
-28.9929 34.9275 -4.07572
-30.2556 34.9427 -4.06173
-28.9928 34.9744 -4.0765
-29.5868 32.9727 -4.05103
-28.9964 33.0255 -4.0533
-28.9963 33.0715 -4.05363
-28.9962 33.1176 -4.05398
-28.9962 33.1636 -4.05434
-28.9961 33.2097 -4.0547
-28.996 33.2558 -4.05507
-28.9959 33.3019 -4.05546
-28.9958 33.348 -4.05586
-28.9957 33.3941 -4.05626
-28.9956 33.4403 -4.05668
-28.9956 33.4864 -4.05711
-28.895 33.5093 -4.05407
-28.9955 33.5326 -4.05755
-28.9954 33.5788 -4.058
-28.894 33.5924 -4.04763
-28.9953 33.625 -4.05846
-28.9952 33.6713 -4.05892
-28.893 33.6753 -4.04122
-28.9951 33.7175 -4.05941
-28.995 33.7638 -4.05991
-30.7685 33.896 -4.05636
-30.7671 33.9781 -4.05014
-30.7657 34.0601 -4.04394
-30.1127 34.8993 -4.05264
-29.8672 34.8964 -4.04157
-30.8014 34.9308 -4.04287
-30.7999 34.931 -4.04561
-30.7614 34.9303 -4.04365
-30.7222 34.9297 -4.04301
-30.6829 34.9291 -4.04249
-30.6436 34.9285 -4.04198
-30.6052 34.9278 -4.04019
-30.1842 34.9209 -4.05718
-29.7265 34.9368 -4.0482
-28.892 33.758 -4.03485
-28.891 33.8404 -4.0285
-28.89 33.9227 -4.02217
-30.7643 34.1419 -4.03778
-30.7629 34.2234 -4.03164
-30.7615 34.3047 -4.02552
-28.9713 34.6305 -4.02051
-29.0142 34.7927 -4.03465
-28.9896 34.8744 -4.03903
-30.0745 34.915 -4.02595
-30.056 34.9196 -4.03512
-30.0166 34.919 -4.03493
-29.9773 34.9184 -4.03466
-29.9401 34.9179 -4.03399
-29.9361 34.9178 -4.03483
-29.9002 34.913 -4.0334
-29.8985 34.9152 -4.034
-29.7893 34.9161 -4.03858
-29.7414 34.9148 -4.03317
-29.7021 34.9143 -4.03293
-29.6629 34.9137 -4.03269
-29.6237 34.9131 -4.03247
-29.5853 34.9126 -4.03263
-29.5461 34.912 -4.0325
-29.5068 34.9114 -4.03237
-29.4676 34.9108 -4.03224
-29.4284 34.9102 -4.03214
-29.3891 34.9096 -4.03204
-29.3501 34.9091 -4.03214
-29.3098 34.9083 -4.03105
-29.2706 34.9077 -4.03091
-29.2321 34.9072 -4.03175
-29.1929 34.9067 -4.0317
-29.1536 34.9061 -4.03167
-29.1144 34.9055 -4.03164
-29.0749 34.9049 -4.03133
-29.0357 34.9043 -4.03131
-28.9964 34.9037 -4.03131
-28.9571 34.9031 -4.03131
-28.9201 34.903 -4.03473
-28.9178 34.9025 -4.03128
-28.8805 34.9024 -4.03491
-28.8766 34.9014 -4.02768
-28.8412 34.9018 -4.03509
-28.8373 34.9008 -4.02756
-28.798 34.9002 -4.02744
-30.8428 34.9311 -4.03918
-30.8038 34.9305 -4.03883
-30.7646 34.9299 -4.03851
-30.7246 34.9294 -4.03905
-30.6854 34.9288 -4.0387
-30.6461 34.9282 -4.03836
-30.606 34.9277 -4.0391
-30.5661 34.9272 -4.03952
-30.5269 34.9266 -4.03912
-30.4876 34.926 -4.03873
-30.4484 34.9254 -4.03835
-30.4083 34.9249 -4.03893
-30.3691 34.9243 -4.03851
-30.3298 34.9237 -4.0381
-30.2906 34.9231 -4.0377
-30.2513 34.9225 -4.03731
-30.2129 34.9219 -4.03629
-30.1737 34.9214 -4.03598
-30.1345 34.9208 -4.03569
-30.0952 34.9202 -4.0354
-30.005 34.9354 -4.02918
-29.9706 34.9352 -4.03788
-30.813 32.9674 -4.01812
-30.7161 32.9674 -4.01196
-30.6195 32.9674 -4.00584
-30.1598 32.9669 -4.01221
-30.1596 33.0148 -4.01284
-28.889 34.0047 -4.01588
-28.8878 34.0864 -4.00955
-28.8871 34.1679 -4.00338
-30.7601 34.3858 -4.01944
-30.7587 34.4666 -4.01339
-29.0215 34.4698 -4.01205
-30.7573 34.5472 -4.00735
-28.9963 34.5499 -4.01625
-30.756 34.6277 -4.00136
-30.3466 34.9114 -4.00766
-29.6222 34.9033 -4.01051
-30.2787 34.9324 -4.01071
-29.691 34.9258 -4.01472
-30.2104 34.9533 -4.0138
-29.7601 34.9483 -4.01896
-29.7598 34.9483 -4.0189
-30.5232 32.9674 -3.99975
-30.4271 32.9674 -3.99368
-30.3314 32.9674 -3.98764
-30.2356 32.9671 -3.98158
-30.1617 33.0059 -3.99028
-30.1616 33.0537 -3.99056
-29.0307 34.1528 -3.99008
-29.0051 34.2315 -3.99413
-28.8861 34.2493 -3.99716
-28.9796 34.3106 -3.99821
-28.8851 34.3303 -3.99099
-28.8844 34.4109 -3.98487
-30.7546 34.7078 -3.99537
-30.7532 34.7878 -3.98943
-30.7518 34.8676 -3.9835
-29.3491 34.8919 -3.98817
-29.4166 34.9149 -3.9922
-30.5475 34.9276 -3.99281
-29.4846 34.9375 -3.99632
-30.4804 34.9489 -3.99576
-30.6792 34.9641 -3.98114
-30.1677 32.973 -3.9799
-30.1404 32.9671 -3.9756
-30.0455 32.9671 -3.96964
-29.9508 32.9671 -3.96371
-29.0156 33.9186 -3.97258
-28.99 33.9965 -3.97655
-28.8834 34.4916 -3.97874
-28.8825 34.5719 -3.97264
-28.8815 34.6521 -3.96657
-28.8805 34.7321 -3.96052
-29.1474 34.9021 -3.97037
-29.214 34.9253 -3.97428
-30.7505 34.947 -3.9776
-29.8564 32.9671 -3.95781
-29.7623 32.9671 -3.95194
-29.6684 32.9671 -3.94609
-29.5748 32.9671 -3.94027
-29.0285 33.6116 -3.9517
-29.002 33.6878 -3.95546
-28.9757 33.7644 -3.95927
-30.7247 34.405 -3.94004
-30.7238 34.4515 -3.94123
-30.7228 34.4981 -3.94244
-30.7219 34.5447 -3.94365
-30.721 34.5914 -3.94487
-30.7201 34.638 -3.9461
-30.7192 34.6847 -3.94735
-30.7183 34.7314 -3.9486
-30.7174 34.7781 -3.94987
-28.8796 34.8118 -3.9545
-30.7165 34.8249 -3.95115
-30.7156 34.8717 -3.95244
-28.8786 34.8913 -3.94851
-30.7147 34.9185 -3.95374
-28.9482 34.9114 -3.95289
-29.014 34.9349 -3.95668
-29.4815 32.9671 -3.93447
-29.3884 32.9671 -3.9287
-29.2956 32.9671 -3.92296
-29.5796 33.0011 -3.93421
-28.9783 33.2357 -3.92221
-29.0164 33.385 -3.93502
-28.9896 33.4602 -3.93867
-30.7408 33.5703 -3.92038
-30.7399 33.6165 -3.92138
-30.739 33.6627 -3.9224
-30.7381 33.709 -3.92342
-30.7372 33.7552 -3.92445
-30.7363 33.8015 -3.9255
-30.7354 33.8478 -3.92656
-30.7345 33.8941 -3.92762
-30.7336 33.9405 -3.9287
-30.7328 33.9868 -3.92979
-30.7319 34.0332 -3.93089
-30.731 34.0796 -3.93199
-30.7301 34.126 -3.93311
-30.7292 34.1724 -3.93424
-30.7283 34.2189 -3.93538
-30.7274 34.2654 -3.93653
-30.7265 34.3119 -3.93769
-30.7256 34.3584 -3.93886
-30.7524 32.9712 -3.90827
-29.2031 32.9671 -3.91724
-29.1108 32.9671 -3.91155
-29.0188 32.9671 -3.90589
-30.7515 33.0172 -3.90914
-29.5816 33.0399 -3.912
-30.7506 33.0632 -3.91002
-29.0327 33.0876 -3.91517
-30.7497 33.1092 -3.9109
-30.7488 33.1553 -3.91181
-29.0055 33.1615 -3.91867
-30.7479 33.2013 -3.91272
-30.747 33.2474 -3.91364
-30.7461 33.2935 -3.91457
-30.7452 33.3396 -3.91552
-30.7444 33.3857 -3.91648
-30.7435 33.4318 -3.91743
-30.7426 33.478 -3.9184
-30.7417 33.5241 -3.91939
-28.9864 32.9735 -3.89157
-28.9902 34.4664 -3.88013
-28.99 34.5131 -3.88108
-28.9899 34.5597 -3.88206
-28.9898 34.6064 -3.88304
-28.9897 34.6531 -3.88403
-28.9896 34.6998 -3.88504
-28.9894 34.7466 -3.88605
-28.9893 34.7933 -3.88709
-28.9892 34.8401 -3.88812
-28.9891 34.8869 -3.88916
-28.989 34.9338 -3.89022
-30.7623 32.9799 -3.86048
-28.993 33.3537 -3.86014
-28.9929 33.3998 -3.86086
-28.9928 33.446 -3.86158
-28.9927 33.4922 -3.86232
-28.9925 33.5384 -3.86306
-28.9924 33.5846 -3.86381
-28.9923 33.6308 -3.86458
-28.9922 33.6771 -3.86535
-28.9921 33.7233 -3.86614
-28.9919 33.7696 -3.86694
-28.9918 33.8159 -3.86775
-28.9917 33.8623 -3.86856
-28.9916 33.9086 -3.86939
-28.9915 33.955 -3.87023
-28.9914 34.0014 -3.87107
-28.9912 34.0478 -3.87193
-28.9911 34.0942 -3.8728
-28.991 34.1407 -3.87368
-28.9909 34.1871 -3.87457
-28.9908 34.2336 -3.87547
-28.9906 34.2802 -3.87638
-28.9905 34.3267 -3.87729
-28.9904 34.3732 -3.87823
-28.9903 34.4198 -3.87917
-28.994 32.9851 -3.85479
-28.9938 33.0311 -3.85543
-28.9937 33.0771 -3.85606
-28.9936 33.1232 -3.85672
-28.9935 33.1693 -3.85738
-28.9934 33.2153 -3.85806
-28.9932 33.2614 -3.85874
-28.9931 33.3075 -3.85944
-28.9943 33.901 -3.84002
-28.9942 33.9473 -3.84051
-28.9941 33.9937 -3.84101
-28.994 34.0401 -3.84152
-28.994 34.0865 -3.84203
-28.9939 34.1329 -3.84257
-28.9938 34.1794 -3.8431
-28.9937 34.2259 -3.84366
-28.9936 34.2724 -3.84421
-28.9935 34.3189 -3.84478
-28.9934 34.3654 -3.84536
-28.9934 34.412 -3.84595
-28.9933 34.4586 -3.84656
-28.9932 34.5052 -3.84717
-28.9931 34.5518 -3.84778
-28.993 34.5985 -3.84841
-28.9929 34.6452 -3.84906
-28.9928 34.6919 -3.84971
-28.9927 34.7386 -3.85037
-28.9927 34.7853 -3.85104
-28.9926 34.8321 -3.85174
-28.9925 34.8789 -3.85243
-30.0957 34.9197 -3.84538
-30.0572 34.9192 -3.84458
-30.0176 34.9186 -3.84453
-29.98 34.918 -3.84362
-29.978 34.918 -3.84441
-29.9408 34.9175 -3.84351
-29.9388 34.9174 -3.84411
-29.8987 34.9167 -3.84397
-29.7836 34.9151 -3.84318
-29.7427 34.9144 -3.84271
-29.7035 34.9138 -3.84247
-29.6642 34.9132 -3.84223
-29.625 34.9126 -3.842
-29.5863 34.9121 -3.84217
-29.5471 34.9115 -3.84202
-29.5078 34.9109 -3.84189
-29.4682 34.9102 -3.84126
-29.4289 34.9096 -3.84101
-29.3896 34.909 -3.84084
-29.3504 34.9084 -3.84069
-29.3116 34.9079 -3.84115
-29.2723 34.9073 -3.84106
-29.2331 34.9067 -3.84098
-29.1938 34.9062 -3.84091
-29.1551 34.9057 -3.8418
-29.1158 34.9051 -3.84181
-29.0766 34.9045 -3.84182
-29.0381 34.9042 -3.84361
-28.9988 34.9036 -3.84373
-28.9589 34.9028 -3.84244
-28.9205 34.9025 -3.84413
-28.9193 34.9021 -3.84155
-28.8807 34.9018 -3.8434
-28.8797 34.9014 -3.84069
-28.8409 34.901 -3.84212
-30.8432 34.9306 -3.84856
-30.8023 34.9304 -3.85312
-30.763 34.9298 -3.85261
-30.7237 34.9292 -3.8521
-30.6844 34.9286 -3.8516
-30.6452 34.928 -3.85112
-30.6064 34.9273 -3.84937
-30.5672 34.9267 -3.84897
-30.5279 34.9261 -3.84858
-30.4881 34.9256 -3.84928
-30.4489 34.925 -3.84885
-30.4103 34.9244 -3.84725
-30.3711 34.9238 -3.84692
-30.3319 34.9232 -3.84659
-30.2926 34.9226 -3.84627
-30.2534 34.922 -3.84596
-30.2137 34.9214 -3.84607
-30.1745 34.9209 -3.84575
-30.1349 34.9203 -3.84572
-28.9924 34.9257 -3.85313
-28.9923 34.9726 -3.85384
-29.5903 32.9738 -3.82213
-30.7643 33.0174 -3.83849
-28.9959 33.0237 -3.83267
-30.7867 33.0598 -3.82342
-28.9959 33.0697 -3.83297
-28.9958 33.1158 -3.83327
-28.9957 33.1618 -3.83359
-28.9956 33.2079 -3.83391
-28.9955 33.254 -3.83425
-28.9954 33.3001 -3.8346
-28.9953 33.3462 -3.83496
-28.9953 33.3923 -3.83532
-28.9952 33.4385 -3.8357
-28.9951 33.4846 -3.83609
-28.995 33.5308 -3.83648
-28.9949 33.577 -3.83689
-28.9948 33.6232 -3.83731
-28.9947 33.6695 -3.83773
-28.9947 33.7157 -3.83817
-28.9946 33.762 -3.83861
-28.9945 33.8083 -3.83908
-28.9944 33.8546 -3.83955
-28.7998 34.8997 -3.83684
-29.3107 34.9077 -3.83994
-29.2715 34.9071 -3.83975
-29.2322 34.9065 -3.83958
-29.193 34.9059 -3.83942
-29.1539 34.9054 -3.83958
-29.1146 34.9048 -3.83946
-29.0754 34.9042 -3.83934
-29.0361 34.9036 -3.83913
-28.9968 34.903 -3.83903
-28.9574 34.9023 -3.83853
-28.9183 34.9018 -3.83897
-28.879 34.9012 -3.83891
-28.8397 34.9006 -3.83886
-30.7853 33.1444 -3.81738
-30.7838 33.2288 -3.81129
-30.7824 33.3128 -3.80527
-29.0106 34.8903 -3.80392
-30.6941 34.9093 -3.80392
-28.9365 34.9092 -3.80738
-30.768 34.9304 -3.80844
-28.8619 34.9279 -3.81087
-30.8422 34.9514 -3.81301
-30.6747 34.9656 -3.80789
-30.1593 32.9668 -3.78328
-30.1591 33.0146 -3.78387
-28.9016 33.0039 -3.79654
-28.9003 33.0884 -3.79031
-28.8995 33.1729 -3.7842
-30.7809 33.3967 -3.79928
-30.7795 33.4804 -3.79331
-30.778 33.5637 -3.78736
-30.7766 33.6469 -3.78145
-30.6762 34.64 -3.78287
-30.6993 34.7214 -3.78811
-30.7222 34.8031 -3.79338
-29.3028 34.8939 -3.78506
-30.4009 34.9045 -3.78075
-29.23 34.9132 -3.78837
-30.4733 34.9259 -3.78511
-29.1568 34.9325 -3.79171
-30.5462 34.9473 -3.7895
-30.1612 33.004 -3.76136
-30.1611 33.0519 -3.7616
-28.8985 33.257 -3.77808
-28.8975 33.3409 -3.77199
-28.8965 33.4246 -3.76592
-30.7752 33.7299 -3.77556
-30.7737 33.8125 -3.7697
-30.7723 33.895 -3.76386
-30.6991 34.4001 -3.76354
-30.7224 34.4804 -3.76866
-29.5895 34.8957 -3.76677
-30.1846 34.9195 -3.76245
-29.5181 34.9155 -3.76993
-29.4463 34.9352 -3.77312
-30.256 34.9413 -3.76668
-30.1711 32.9741 -3.75538
-28.8955 33.5079 -3.75987
-28.8945 33.5911 -3.75386
-28.8935 33.674 -3.74786
-28.8925 33.7566 -3.74191
-30.7709 33.9772 -3.75806
-30.7695 34.0592 -3.75227
-30.7681 34.1409 -3.74652
-30.7206 34.1637 -3.74458
-30.7667 34.2225 -3.74078
-30.7444 34.2429 -3.74958
-30.1132 34.8979 -3.75822
-29.8709 34.8955 -3.74903
-29.9009 34.9116 -3.74039
-29.8007 34.9157 -3.75205
-29.971 34.9338 -3.74446
-29.7303 34.9359 -3.75511
-28.9662 32.9375 -3.73225
-28.8914 33.8391 -3.73597
-30.7409 33.9303 -3.72595
-28.8905 33.9214 -3.73006
-28.8898 34.0031 -3.72421
-30.6966 34.0848 -3.73963
-30.7653 34.3038 -3.73507
-30.7639 34.3848 -3.72942
-30.7625 34.4657 -3.72373
-30.7262 34.4992 -3.72083
-30.7253 34.5458 -3.72198
-30.7244 34.5924 -3.72316
-30.7235 34.6391 -3.72433
-30.7225 34.6858 -3.72552
-30.7216 34.7325 -3.72672
-30.7207 34.7792 -3.72793
-30.7198 34.826 -3.72914
-30.7189 34.8728 -3.73038
-30.718 34.9196 -3.73161
-30.0782 34.9141 -3.73471
-30.2824 34.9315 -3.72071
-30.0088 34.9345 -3.73765
-29.6915 34.9245 -3.72288
-30.2142 34.9523 -3.72353
-29.7608 34.9468 -3.72687
-29.448 32.9486 -3.71069
-29.3522 32.9464 -3.71495
-29.2561 32.9442 -3.71924
-29.5791 33.001 -3.70961
-30.7432 33.6176 -3.7007
-30.7423 33.6638 -3.70167
-30.7414 33.7101 -3.70266
-30.7405 33.7563 -3.70364
-30.7396 33.8026 -3.70464
-30.7387 33.8489 -3.70566
-30.7378 33.8952 -3.70667
-30.7369 33.9415 -3.7077
-30.7361 33.9879 -3.70874
-30.7352 34.0343 -3.70979
-30.7343 34.0807 -3.71085
-28.8888 34.0848 -3.71836
-30.7334 34.1271 -3.71192
-30.7325 34.1735 -3.713
-28.8878 34.1664 -3.71253
-30.7316 34.22 -3.7141
-30.7316 34.22 -3.71406
-28.8865 34.2476 -3.70665
-30.7307 34.2665 -3.71518
-30.7298 34.313 -3.71629
-28.8858 34.3287 -3.70094
-30.7289 34.3595 -3.71741
-30.728 34.406 -3.71854
-30.7271 34.4526 -3.71968
-30.7611 34.5463 -3.71811
-30.7597 34.6267 -3.7125
-30.7583 34.7069 -3.70692
-30.7569 34.7869 -3.70136
-30.3503 34.9105 -3.71794
-29.6226 34.9019 -3.71898
-29.4173 34.9134 -3.70196
-30.5512 34.9267 -3.7043
-29.485 34.9362 -3.70574
-30.4841 34.948 -3.70698
-30.8127 32.9671 -3.68037
-30.7557 32.9723 -3.68815
-30.7548 33.0183 -3.68898
-29.5811 33.0381 -3.68741
-30.7539 33.0643 -3.68982
-30.753 33.1103 -3.69067
-30.7521 33.1563 -3.69153
-30.7512 33.2024 -3.69241
-30.7503 33.2485 -3.69329
-30.7495 33.2945 -3.69418
-30.7486 33.3406 -3.69508
-30.7477 33.3868 -3.696
-30.7468 33.4329 -3.69692
-30.7459 33.479 -3.69785
-30.745 33.5252 -3.6988
-30.7441 33.5714 -3.69974
-28.8848 34.4096 -3.69519
-28.8839 34.4902 -3.68947
-28.8829 34.5706 -3.68376
-28.9713 34.6305 -3.6826
-29.0142 34.7927 -3.69561
-30.7555 34.8666 -3.69583
-28.9896 34.8744 -3.69963
-29.3495 34.8906 -3.69815
-29.1478 34.9008 -3.68157
-29.2144 34.924 -3.68521
-30.7542 34.9461 -3.69033
-30.6829 34.9631 -3.69356
-30.7158 32.9671 -3.67471
-30.6192 32.9671 -3.66908
-30.5229 32.9671 -3.66347
-28.9793 34.3102 -3.66206
-29.0212 34.4694 -3.67479
-28.9895 34.5594 -3.6606
-28.9893 34.6062 -3.66124
-28.9892 34.6529 -3.66217
-28.8819 34.6508 -3.67808
-28.9891 34.6996 -3.66313
-28.8809 34.7307 -3.67243
-28.989 34.7464 -3.66408
-28.9888 34.7931 -3.66505
-28.88 34.8105 -3.66681
-28.8799 34.8105 -3.66679
-28.9887 34.8399 -3.66603
-28.9889 34.84 -3.6661
-28.9886 34.8868 -3.66701
-28.8785 34.8899 -3.66109
-28.948 34.9099 -3.66509
-30.8035 34.93 -3.66358
-30.7642 34.9294 -3.66279
-30.7249 34.9287 -3.66229
-30.6857 34.9281 -3.66179
-30.6464 34.9275 -3.6613
-30.5678 34.9264 -3.66062
-30.5285 34.9258 -3.66048
-29.0141 34.9335 -3.66872
-28.9885 34.9336 -3.66802
-30.4268 32.9671 -3.65789
-30.3311 32.9671 -3.65234
-30.2356 32.9671 -3.64681
-30.1404 32.9671 -3.64131
-28.9899 32.9747 -3.65859
-28.9924 33.3997 -3.64032
-28.9923 33.4458 -3.641
-28.9922 33.492 -3.6417
-28.9921 33.5382 -3.6424
-28.9919 33.5844 -3.64311
-28.9918 33.6306 -3.64383
-28.9917 33.6769 -3.64456
-28.9916 33.7232 -3.6453
-28.9915 33.7695 -3.64605
-28.9913 33.8158 -3.64682
-28.9912 33.8621 -3.64758
-28.9911 33.9084 -3.64837
-28.991 33.9548 -3.64915
-28.9897 33.9962 -3.64214
-28.9909 34.0012 -3.64995
-28.9907 34.0476 -3.65076
-28.9906 34.094 -3.65158
-29.0304 34.1525 -3.65459
-28.9905 34.1405 -3.65241
-28.9904 34.187 -3.65325
-29.0048 34.2312 -3.6583
-28.9903 34.2335 -3.6541
-28.9901 34.28 -3.65496
-28.9903 34.28 -3.65498
-28.99 34.3265 -3.65583
-28.9899 34.3731 -3.6567
-28.9898 34.4197 -3.65759
-28.9897 34.4663 -3.65849
-28.9896 34.5129 -3.65939
-28.8801 34.8956 -3.65773
-28.8799 34.8944 -3.65843
-28.8409 34.8999 -3.64681
-28.8016 34.8993 -3.64668
-30.1365 34.9199 -3.65519
-30.0972 34.9193 -3.65501
-30.058 34.9187 -3.65464
-30.0188 34.9181 -3.65438
-29.9804 34.9175 -3.6536
-29.9793 34.9175 -3.65436
-29.9403 34.9169 -3.65394
-29.9399 34.9169 -3.65422
-29.9005 34.9163 -3.65396
-29.784 34.9147 -3.65317
-29.744 34.9139 -3.6527
-29.7048 34.9133 -3.65245
-29.6656 34.9127 -3.65222
-29.6263 34.9121 -3.65199
-29.5873 34.9116 -3.65215
-29.5481 34.911 -3.652
-29.5086 34.9103 -3.65136
-29.4694 34.9097 -3.65117
-29.4302 34.9092 -3.65099
-29.3913 34.9087 -3.65168
-29.3517 34.908 -3.65065
-29.3125 34.9074 -3.6505
-29.2732 34.9068 -3.65036
-29.234 34.9062 -3.65022
-29.1947 34.9056 -3.6501
-29.1555 34.905 -3.64998
-29.1161 34.9043 -3.64959
-29.0771 34.9039 -3.65063
-29.0378 34.9033 -3.65065
-28.9986 34.9027 -3.65063
-28.9565 34.904 -3.6535
-28.9205 34.902 -3.65401
-28.9195 34.9011 -3.6471
-28.8802 34.9005 -3.64696
-28.842 34.9008 -3.65431
-30.8436 34.9301 -3.65839
-30.8043 34.9296 -3.65901
-30.7651 34.929 -3.65867
-30.7258 34.9285 -3.65833
-30.6865 34.9279 -3.658
-30.6472 34.9273 -3.65769
-30.6074 34.9268 -3.65927
-30.5684 34.9262 -3.65813
-30.5289 34.9257 -3.6588
-30.4894 34.9251 -3.6592
-30.4502 34.9245 -3.65878
-30.4109 34.924 -3.65836
-30.3719 34.9233 -3.65706
-30.3327 34.9227 -3.65672
-30.2934 34.9221 -3.6564
-30.2542 34.9215 -3.65608
-30.215 34.921 -3.65577
-30.1757 34.9204 -3.65548
-30.7618 32.9798 -3.62746
-30.0455 32.9671 -3.63583
-29.9508 32.9671 -3.63038
-29.8564 32.9671 -3.62495
-28.9935 32.9849 -3.63461
-28.9934 33.031 -3.6352
-28.9932 33.077 -3.6358
-28.9931 33.123 -3.63642
-28.993 33.1691 -3.63704
-28.9929 33.2152 -3.63768
-28.9928 33.2613 -3.63832
-28.9926 33.3074 -3.63898
-28.9925 33.3535 -3.63964
-29.002 33.6878 -3.62279
-28.9757 33.7644 -3.62629
-29.0156 33.9186 -3.63853
-28.9936 34.0383 -3.62041
-28.9935 34.0847 -3.62087
-28.9934 34.1311 -3.62135
-28.9933 34.1776 -3.62184
-28.9932 34.2241 -3.62234
-28.9931 34.2706 -3.62285
-28.9931 34.3171 -3.62337
-28.993 34.3636 -3.6239
-28.9929 34.4102 -3.62443
-28.9928 34.4568 -3.62498
-28.9927 34.5034 -3.62554
-28.9926 34.55 -3.6261
-28.9925 34.5967 -3.62668
-28.9924 34.6434 -3.62727
-28.9924 34.6901 -3.62786
-28.9923 34.7368 -3.62847
-28.9922 34.7836 -3.62908
-28.9921 34.8303 -3.6297
-28.992 34.8771 -3.63035
-28.9919 34.924 -3.63099
-28.9918 34.9708 -3.63165
-29.7623 32.9671 -3.61955
-29.6684 32.9671 -3.61417
-29.5748 32.9671 -3.60881
-29.4815 32.9671 -3.60348
-30.7638 33.0155 -3.60548
-28.9955 33.0219 -3.61249
-28.9954 33.068 -3.61275
-28.9953 33.114 -3.61302
-28.9952 33.16 -3.61329
-28.9951 33.2061 -3.61358
-28.995 33.2522 -3.61388
-28.995 33.2983 -3.61419
-28.9949 33.3444 -3.6145
-29.0164 33.385 -3.60399
-28.9948 33.3905 -3.61483
-28.9947 33.4367 -3.61517
-28.9896 33.4602 -3.60735
-28.9946 33.4828 -3.61551
-28.9945 33.529 -3.61587
-28.9944 33.5752 -3.61624
-29.0285 33.6116 -3.61933
-28.9944 33.6215 -3.6166
-28.9943 33.6677 -3.61699
-28.9942 33.714 -3.61739
-28.9941 33.7602 -3.61778
-28.994 33.8065 -3.6182
-28.9939 33.8528 -3.61862
-28.9938 33.8992 -3.61905
-28.9937 33.9455 -3.61949
-28.9937 33.9919 -3.61994
-29.5937 32.9749 -3.59369
-29.3884 32.9671 -3.59818
-29.2956 32.9671 -3.5929
-29.2031 32.9671 -3.58764
-29.1108 32.9671 -3.58241
-29.0327 33.0876 -3.58574
-29.0055 33.1615 -3.58895
-28.9783 33.2357 -3.59221
-29.0188 32.9671 -3.5772
-30.1588 32.9666 -3.55479
-30.1586 33.0144 -3.55534
-30.1744 32.9752 -3.53129
-30.1607 33.0022 -3.53287
-30.7905 33.0589 -3.52714
-30.1607 33.05 -3.53308
-30.7891 33.1435 -3.52149
-28.9018 33.0025 -3.50019
-30.7876 33.2278 -3.51587
-30.7862 33.3119 -3.51027
-30.7847 33.3958 -3.5047
-30.7286 34.5469 -3.50075
-30.7277 34.5935 -3.50186
-30.7268 34.6402 -3.50299
-30.7259 34.6869 -3.50413
-30.725 34.7336 -3.50526
-30.7241 34.7803 -3.50642
-30.7232 34.8271 -3.50757
-30.7222 34.8738 -3.50875
-29.0144 34.8894 -3.50695
-30.6945 34.908 -3.5066
-28.9403 34.9082 -3.51007
-30.7684 34.9291 -3.51078
-30.7213 34.9207 -3.50992
-28.8657 34.927 -3.51322
-30.8426 34.95 -3.51502
-29.5786 33.0008 -3.48544
-28.901 33.0871 -3.49448
-28.9 33.1715 -3.48876
-28.8989 33.2557 -3.48306
-30.7833 33.4794 -3.49916
-30.7818 33.5628 -3.49364
-30.7465 33.6187 -3.48045
-30.7804 33.646 -3.48814
-30.7456 33.6649 -3.48138
-30.7447 33.7111 -3.48232
-30.7789 33.7289 -3.48267
-30.7438 33.7574 -3.48326
-30.7429 33.8037 -3.48421
-30.742 33.85 -3.48518
-30.7411 33.8963 -3.48615
-30.7402 33.9426 -3.48713
-30.7394 33.989 -3.48813
-30.7385 34.0354 -3.48912
-30.7376 34.0818 -3.49014
-30.7367 34.1282 -3.49116
-30.7358 34.1746 -3.49218
-30.7349 34.2211 -3.49323
-30.734 34.2675 -3.49428
-30.7331 34.3141 -3.49533
-30.7322 34.3606 -3.49639
-30.7313 34.4071 -3.49747
-30.7304 34.4537 -3.49855
-30.7295 34.5003 -3.49964
-29.3066 34.893 -3.48978
-30.4013 34.9032 -3.48512
-29.2338 34.9123 -3.49276
-30.4737 34.9246 -3.48915
-29.1606 34.9316 -3.49577
-30.5466 34.946 -3.49322
-30.759 32.9734 -3.46844
-30.7581 33.0194 -3.46925
-29.5806 33.0363 -3.46325
-30.7572 33.0654 -3.47005
-30.7563 33.1114 -3.47087
-30.7554 33.1574 -3.47169
-30.7546 33.2035 -3.47252
-30.7537 33.2495 -3.47337
-30.7528 33.2956 -3.47422
-28.8979 33.3395 -3.47739
-30.7519 33.3417 -3.47508
-30.751 33.3878 -3.47595
-30.7501 33.434 -3.47684
-28.8969 33.4232 -3.47174
-30.7492 33.4801 -3.47773
-28.8959 33.5066 -3.46612
-30.7483 33.5263 -3.47862
-30.7474 33.5725 -3.47954
-28.8949 33.5897 -3.46052
-30.7775 33.8116 -3.47723
-30.7761 33.8941 -3.4718
-30.7746 33.9762 -3.4664
-30.7732 34.0582 -3.46103
-30.1136 34.8966 -3.46425
-29.5933 34.8947 -3.47312
-28.8426 34.8999 -3.46083
-30.1822 34.9187 -3.46734
-30.1783 34.9196 -3.46719
-30.1376 34.9194 -3.46582
-30.0984 34.9188 -3.46588
-30.0591 34.9182 -3.46544
-30.02 34.9176 -3.46414
-30.0199 34.9176 -3.46515
-29.9807 34.917 -3.46481
-29.9414 34.9164 -3.46451
-29.7843 34.9142 -3.46358
-29.7453 34.9135 -3.46312
-29.7061 34.9129 -3.46288
-29.6669 34.9123 -3.46264
-29.6276 34.9117 -3.46241
-29.5884 34.9111 -3.46219
-29.5492 34.9105 -3.46197
-29.5219 34.9145 -3.47597
-29.5099 34.9099 -3.46177
-29.4707 34.9093 -3.46158
-29.4315 34.9088 -3.46218
-29.3922 34.9081 -3.46121
-29.353 34.9075 -3.46105
-29.3138 34.9069 -3.46089
-29.2745 34.9063 -3.46074
-29.2353 34.9058 -3.46129
-29.196 34.9052 -3.46121
-29.1568 34.9046 -3.46066
-29.1175 34.904 -3.46106
-29.0782 34.9036 -3.46206
-29.039 34.903 -3.46206
-28.9997 34.9024 -3.46208
-28.9604 34.9018 -3.4621
-28.9211 34.9012 -3.46214
-28.8819 34.9007 -3.46218
-28.8426 34.9003 -3.46364
-30.844 34.9296 -3.46866
-30.8049 34.9295 -3.47324
-30.7656 34.9289 -3.47275
-30.7263 34.9283 -3.47227
-30.6871 34.9277 -3.47179
-30.6477 34.927 -3.46999
-30.6085 34.9265 -3.47087
-30.5693 34.9259 -3.47042
-30.53 34.9253 -3.46999
-30.4907 34.9247 -3.46956
-30.4515 34.9241 -3.46914
-30.4122 34.9235 -3.46873
-30.373 34.9228 -3.46724
-30.3337 34.9222 -3.46693
-30.2945 34.9216 -3.46662
-30.2557 34.9274 -3.46828
-30.216 34.9205 -3.46604
-29.734 34.9349 -3.46244
-29.4501 34.9343 -3.47886
-30.6792 34.9698 -3.46818
-28.8939 33.6726 -3.45495
-28.8929 33.7553 -3.44941
-28.8919 33.8377 -3.44388
-30.7718 34.14 -3.45576
-30.7718 34.14 -3.4556
-30.7704 34.2216 -3.45035
-30.769 34.3028 -3.44505
-30.6807 34.6441 -3.44501
-28.9887 34.6527 -3.44075
-28.9886 34.6995 -3.44164
-30.7037 34.7255 -3.44989
-28.9885 34.7462 -3.44254
-28.9884 34.793 -3.44346
-30.7266 34.8073 -3.45483
-28.9882 34.8398 -3.44437
-29.8747 34.8946 -3.45697
-28.9881 34.8866 -3.44529
-28.8426 34.8997 -3.45898
-28.8034 34.8988 -3.45696
-30.0819 34.9132 -3.44391
-29.9017 34.9127 -3.45512
-29.8045 34.9148 -3.45973
-29.2353 34.9056 -3.4599
-29.1961 34.905 -3.45972
-29.1568 34.9043 -3.45893
-29.1175 34.9038 -3.45939
-29.0783 34.9033 -3.45959
-29.039 34.9027 -3.45947
-28.9997 34.9021 -3.45935
-28.9605 34.9015 -3.45925
-28.9212 34.9009 -3.45915
-28.8819 34.9003 -3.45907
-30.0125 34.9335 -3.44654
-29.9715 34.9325 -3.45149
-28.988 34.9334 -3.44624
-28.9933 32.9775 -3.42395
-28.9932 32.9803 -3.42043
-28.9919 33.3995 -3.42021
-28.9918 33.4456 -3.42085
-28.9917 33.4918 -3.4215
-28.9916 33.538 -3.42216
-28.9915 33.5842 -3.42283
-28.9913 33.6305 -3.42351
-28.9912 33.6767 -3.42419
-28.9911 33.723 -3.42489
-28.991 33.7693 -3.42559
-28.9909 33.8156 -3.42631
-28.9907 33.8619 -3.42703
-28.9906 33.9083 -3.42777
-28.8907 33.92 -3.43835
-28.8909 33.92 -3.4384
-28.9905 33.9547 -3.42851
-28.9904 34.001 -3.42927
-28.8902 34.0018 -3.43294
-28.9903 34.0474 -3.43002
-28.9901 34.0939 -3.43079
-28.8892 34.0835 -3.4275
-28.99 34.1403 -3.43157
-28.8882 34.165 -3.42208
-28.9899 34.1868 -3.43236
-28.9898 34.2333 -3.43316
-28.9897 34.2798 -3.43396
-28.9896 34.3263 -3.43478
-28.9894 34.3729 -3.4356
-30.7676 34.3839 -3.43978
-30.7035 34.4042 -3.42714
-28.9893 34.4195 -3.43643
-30.7662 34.4648 -3.43447
-28.9892 34.4661 -3.43728
-30.7268 34.4845 -3.43192
-28.9891 34.5127 -3.43813
-30.7648 34.5453 -3.42928
-28.989 34.5594 -3.439
-28.9888 34.606 -3.43987
-30.7634 34.6258 -3.42408
-30.3541 34.9096 -3.42865
-29.6231 34.9006 -3.42787
-30.2861 34.9305 -3.43115
-29.6919 34.9232 -3.43148
-30.2179 34.9514 -3.43368
-29.7612 34.9454 -3.43517
-28.993 32.9848 -3.41486
-28.9929 33.0308 -3.4154
-28.9928 33.0768 -3.41598
-28.9926 33.1229 -3.41655
-28.9925 33.1689 -3.41713
-28.9924 33.215 -3.41773
-28.9923 33.2611 -3.41834
-28.9922 33.3072 -3.41895
-28.992 33.3533 -3.41957
-30.701 34.0888 -3.40498
-28.993 34.0829 -3.40014
-28.9929 34.1294 -3.40057
-30.725 34.1677 -3.4096
-28.9928 34.1758 -3.40101
-28.9928 34.2223 -3.40146
-30.7488 34.247 -3.41427
-28.8872 34.2463 -3.41667
-28.9927 34.2688 -3.40192
-28.9926 34.3153 -3.40238
-28.886 34.3273 -3.41123
-28.9925 34.3618 -3.40285
-28.9924 34.4084 -3.40334
-28.8853 34.4082 -3.40594
-28.9923 34.455 -3.40383
-28.8843 34.4889 -3.40062
-28.9922 34.5016 -3.40433
-28.9921 34.5482 -3.40485
-28.9921 34.5949 -3.40537
-28.992 34.6416 -3.4059
-28.9919 34.6883 -3.40645
-30.762 34.706 -3.41889
-28.9918 34.735 -3.40699
-30.7606 34.786 -3.41368
-28.9917 34.7818 -3.40755
-28.9916 34.8285 -3.40812
-30.7592 34.8657 -3.40858
-28.9915 34.8753 -3.40869
-29.3501 34.8891 -3.40861
-29.4176 34.912 -3.41208
-30.5549 34.9258 -3.41621
-29.4854 34.9349 -3.41559
-28.9914 34.9222 -3.40928
-30.7578 34.9452 -3.40347
-30.4879 34.9471 -3.41862
-30.6866 34.9622 -3.40639
-28.9914 34.969 -3.40988
-29.2605 32.9483 -3.38351
-29.1642 32.9461 -3.38733
-29.0676 32.9438 -3.39117
-28.9706 32.9416 -3.39503
-30.7613 32.9796 -3.39486
-28.995 33.0202 -3.39274
-28.9949 33.0662 -3.39295
-28.9948 33.1122 -3.39319
-28.9947 33.1583 -3.39343
-28.9947 33.2043 -3.39368
-28.9946 33.2504 -3.39394
-28.9945 33.2965 -3.39421
-28.9944 33.3426 -3.39448
-28.9943 33.3888 -3.39477
-28.9942 33.4349 -3.39507
-28.9941 33.4811 -3.39537
-28.9941 33.5273 -3.39568
-28.994 33.5735 -3.39601
-28.9939 33.6197 -3.39633
-28.9938 33.6659 -3.39668
-28.9937 33.7122 -3.39702
-28.9936 33.7584 -3.39738
-28.9935 33.8047 -3.39775
-30.721 33.8566 -3.38785
-28.9934 33.8511 -3.39812
-28.9934 33.8974 -3.39851
-30.7453 33.9343 -3.39238
-28.9933 33.9437 -3.3989
-28.9932 33.9901 -3.39931
-28.9931 34.0365 -3.39972
-28.8833 34.5693 -3.39531
-28.8823 34.6495 -3.39003
-28.8814 34.7294 -3.38478
-29.1482 34.8994 -3.3932
-29.2148 34.9227 -3.39657
-29.0148 34.9323 -3.38136
-29.7381 32.9593 -3.36469
-29.6432 32.9571 -3.36841
-29.5479 32.9549 -3.37216
-29.4524 32.9527 -3.37592
-29.3566 32.9505 -3.3797
-29.8328 32.9614 -3.36098
-29.5972 32.9761 -3.36566
-30.7633 33.0136 -3.37289
-30.7148 33.551 -3.36663
-30.7395 33.6275 -3.37103
-30.7643 33.7042 -3.37545
-28.8804 34.8092 -3.37954
-28.8799 34.8091 -3.37942
-28.9893 34.874 -3.36064
-28.8794 34.8887 -3.37432
-28.9491 34.9087 -3.3781
-30.8127 32.9671 -3.34309
-30.3022 32.9722 -3.34274
-30.2089 32.9701 -3.34635
-30.1152 32.9679 -3.34998
-30.0214 32.9658 -3.35363
-29.9273 32.9636 -3.3573
-30.7317 33.326 -3.35023
-30.7569 33.4014 -3.3545
-28.996 34.5496 -3.34153
-28.971 34.6301 -3.34509
-29.0139 34.7923 -3.35697
-30.7158 32.9671 -3.33793
-30.6192 32.9671 -3.33279
-30.5808 32.9786 -3.33202
-30.5229 32.9671 -3.32767
-30.4882 32.9765 -3.33558
-30.4268 32.9671 -3.32258
-30.3953 32.9744 -3.33915
-30.1583 32.9664 -3.32671
-30.673 32.9808 -3.32848
-30.1581 33.0142 -3.32723
-30.7218 33.0299 -3.32996
-30.7475 33.1039 -3.3341
-30.773 33.1783 -3.33828
-29.0048 34.2312 -3.32295
-28.9793 34.3102 -3.32638
-29.0212 34.4694 -3.33799
-30.3311 32.9671 -3.31751
-30.2356 32.9671 -3.31246
-30.1778 32.9763 -3.30761
-30.1404 32.9671 -3.30744
-30.0455 32.9671 -3.30244
-30.1603 33.0003 -3.3048
-30.1602 33.0482 -3.30498
-29.0156 33.9186 -3.30491
-28.9897 33.9962 -3.3082
-29.0304 34.1525 -3.31956
-29.9508 32.9671 -3.29746
-29.8564 32.9671 -3.29251
-29.7623 32.9671 -3.28758
-29.6684 32.9671 -3.28267
-29.0285 33.6116 -3.28738
-29.002 33.6878 -3.29054
-28.9757 33.7644 -3.29373
-30.731 34.5946 -3.28098
-30.7301 34.6413 -3.28205
-30.7292 34.688 -3.28312
-30.7283 34.7347 -3.28421
-30.7274 34.7814 -3.2853
-30.7265 34.8281 -3.28641
-30.7256 34.8749 -3.28752
-30.8062 34.929 -3.28398
-30.7669 34.9284 -3.2835
-30.7266 34.9261 -3.28354
-30.688 34.9271 -3.28125
-30.6492 34.9266 -3.28235
-30.6099 34.926 -3.28189
-30.5706 34.9254 -3.28144
-30.5314 34.9249 -3.28125
-30.4922 34.9243 -3.28081
-30.4529 34.9237 -3.28036
-30.4138 34.9231 -3.28022
-29.5748 32.9671 -3.27778
-29.4815 32.9671 -3.27292
-29.3884 32.9671 -3.26808
-29.2956 32.9671 -3.26326
-29.5781 33.0006 -3.26168
-28.9783 33.2357 -3.26263
-29.0164 33.385 -3.27338
-28.9896 33.4602 -3.27645
-30.7498 33.6198 -3.26061
-30.7489 33.666 -3.26149
-30.748 33.7122 -3.26237
-30.7471 33.7585 -3.26328
-30.7462 33.8048 -3.26419
-30.7453 33.8511 -3.2651
-30.7444 33.8974 -3.26603
-30.7435 33.9437 -3.26697
-30.7428 33.9901 -3.26792
-30.7419 34.0364 -3.26886
-30.741 34.0828 -3.26982
-30.7401 34.1293 -3.2708
-30.7392 34.1757 -3.27177
-30.7383 34.2221 -3.27276
-30.7373 34.2686 -3.27376
-30.7365 34.3151 -3.27476
-30.7355 34.3617 -3.27578
-30.7346 34.4082 -3.2768
-30.7337 34.4548 -3.27784
-30.7328 34.5014 -3.27887
-30.7319 34.548 -3.27993
-28.8838 34.8996 -3.26796
-28.8436 34.8994 -3.27157
-28.8052 34.8984 -3.26764
-30.2166 34.92 -3.27604
-30.1781 34.9195 -3.27727
-30.1389 34.919 -3.27693
-30.0997 34.9184 -3.27659
-30.0605 34.9178 -3.27635
-30.0597 34.9177 -3.27531
-30.0212 34.9172 -3.27595
-29.982 34.9166 -3.27564
-29.9427 34.916 -3.27534
-29.9041 34.9153 -3.27523
-29.7847 34.9137 -3.27441
-29.7466 34.913 -3.27396
-29.7074 34.9124 -3.27371
-29.6678 34.9119 -3.27372
-29.6286 34.9113 -3.27355
-29.5897 34.9106 -3.27301
-29.5505 34.91 -3.2728
-29.5109 34.9095 -3.27309
-29.4717 34.9089 -3.27282
-29.4324 34.9083 -3.27283
-29.3932 34.9077 -3.27271
-29.3539 34.9071 -3.2726
-29.3147 34.9066 -3.2725
-29.2758 34.9059 -3.27162
-29.2363 34.9053 -3.2721
-29.197 34.9048 -3.27201
-29.1577 34.9042 -3.27218
-29.1184 34.9036 -3.27212
-29.0792 34.903 -3.27207
-29.0399 34.9024 -3.27203
-29.0015 34.9015 -3.26889
-28.9999 34.9022 -3.27477
-28.9615 34.9012 -3.27164
-28.9222 34.9006 -3.27161
-28.8821 34.9004 -3.27512
-30.8444 34.9292 -3.27935
-30.8054 34.9286 -3.27904
-30.7661 34.928 -3.27876
-30.7267 34.9274 -3.2785
-30.6876 34.9268 -3.27821
-30.6484 34.9263 -3.27874
-30.6091 34.9258 -3.27845
-30.5699 34.9252 -3.27817
-30.5308 34.9247 -3.2789
-30.4916 34.9241 -3.27858
-30.4523 34.9235 -3.27827
-30.4133 34.923 -3.27881
-30.3743 34.9224 -3.27912
-30.3351 34.9218 -3.27873
-30.2958 34.9212 -3.27836
-30.2564 34.9206 -3.27758
-30.2174 34.9201 -3.27776
-30.7623 32.9744 -3.24915
-29.2031 32.9671 -3.25846
-29.1108 32.9671 -3.25368
-29.0188 32.9671 -3.24893
-30.7614 33.0204 -3.24991
-30.7605 33.0665 -3.25069
-29.0327 33.0876 -3.25672
-30.7596 33.1125 -3.25146
-30.7587 33.1585 -3.25225
-29.0055 33.1615 -3.25966
-30.7579 33.2046 -3.25304
-30.757 33.2506 -3.25385
-30.7561 33.2967 -3.25467
-30.7552 33.3428 -3.25549
-30.7543 33.3889 -3.25632
-30.7534 33.4351 -3.25715
-30.7525 33.4812 -3.25801
-30.7516 33.5274 -3.25886
-30.7507 33.5736 -3.25973
-29.5802 33.0345 -3.23949
-30.7943 33.0579 -3.23126
-30.7929 33.1425 -3.22609
-30.7914 33.2269 -3.22085
-28.9881 34.6993 -3.22056
-28.988 34.746 -3.2214
-28.9879 34.7928 -3.22226
-28.9878 34.8396 -3.22312
-28.9876 34.8864 -3.22399
-28.9875 34.9333 -3.22487
-28.9024 33.0012 -3.20432
-30.7899 33.311 -3.21569
-30.7885 33.3948 -3.21054
-28.9914 33.3993 -3.2005
-28.9913 33.4455 -3.2011
-30.787 33.4785 -3.20541
-28.9912 33.4917 -3.20171
-28.9911 33.5379 -3.20233
-30.7856 33.5619 -3.20032
-28.991 33.5841 -3.20296
-28.9909 33.6303 -3.20359
-28.9907 33.6766 -3.20424
-28.9906 33.7228 -3.20488
-28.9905 33.7691 -3.20554
-28.9904 33.8154 -3.20621
-28.9903 33.8618 -3.20688
-28.9901 33.9081 -3.20758
-28.99 33.9545 -3.20827
-28.9899 34.0009 -3.20898
-28.9898 34.0473 -3.20968
-28.9897 34.0937 -3.2104
-28.9895 34.1402 -3.21113
-28.9894 34.1866 -3.21187
-28.9893 34.2331 -3.21262
-28.9892 34.2796 -3.21337
-28.9891 34.3262 -3.21414
-28.9889 34.3727 -3.21491
-28.9888 34.4193 -3.21569
-28.9887 34.4659 -3.21648
-28.9886 34.5125 -3.21728
-28.9885 34.5592 -3.21809
-28.9884 34.6059 -3.2189
-28.9882 34.6526 -3.21973
-29.0182 34.8884 -3.21038
-30.695 34.9066 -3.20969
-28.9441 34.9073 -3.21321
-30.7688 34.9277 -3.21354
-29.1644 34.9306 -3.20025
-28.8695 34.926 -3.216
-30.8431 34.9486 -3.21743
-28.9961 32.9784 -3.1942
-28.9936 32.9827 -3.19508
-28.9924 33.0306 -3.19601
-28.9923 33.0766 -3.19654
-28.9012 33.0857 -3.19896
-28.9922 33.1227 -3.19708
-28.992 33.1688 -3.19763
-28.9004 33.1701 -3.19371
-28.9919 33.2148 -3.19819
-28.8994 33.2543 -3.18844
-28.9918 33.2609 -3.19875
-28.9917 33.307 -3.19933
-28.8983 33.3382 -3.18319
-28.9916 33.3532 -3.19991
-30.7841 33.645 -3.19524
-30.7827 33.728 -3.19017
-30.7813 33.8107 -3.18515
-30.7798 33.8932 -3.18014
-28.9925 34.1276 -3.18019
-28.9924 34.174 -3.18057
-28.9923 34.2205 -3.18098
-28.9922 34.267 -3.18138
-28.9921 34.3135 -3.1818
-28.992 34.3601 -3.18222
-28.9919 34.4066 -3.18266
-28.9918 34.4532 -3.1831
-28.9918 34.4998 -3.18354
-28.9917 34.5465 -3.18401
-28.9916 34.5931 -3.18447
-28.9915 34.6398 -3.18494
-28.9914 34.6865 -3.18542
-28.9913 34.7332 -3.18592
-28.9912 34.78 -3.18642
-28.9911 34.8267 -3.18693
-28.9911 34.8735 -3.18745
-29.5971 34.8938 -3.18008
-29.3104 34.892 -3.19489
-30.4017 34.9018 -3.18991
-29.5257 34.9136 -3.18241
-29.2376 34.9113 -3.19755
-30.4742 34.9232 -3.1936
-29.4538 34.9333 -3.18499
-28.991 34.9204 -3.18797
-30.547 34.9446 -3.19735
-28.9909 34.9672 -3.18851
-30.7608 32.9794 -3.16266
-28.9945 33.0184 -3.17338
-28.9945 33.0644 -3.17357
-28.9944 33.1104 -3.17376
-28.9943 33.1565 -3.17397
-28.9942 33.2026 -3.17418
-28.9941 33.2486 -3.1744
-28.994 33.2947 -3.17463
-28.9939 33.3408 -3.17487
-28.9938 33.387 -3.17512
-28.9938 33.4331 -3.17536
-28.8973 33.4218 -3.17797
-28.9937 33.4793 -3.17563
-28.8963 33.5052 -3.17277
-28.9936 33.5255 -3.1759
-28.9935 33.5717 -3.17618
-28.8953 33.5884 -3.16759
-28.9934 33.6179 -3.17647
-28.9933 33.6641 -3.17677
-28.8943 33.6713 -3.16244
-28.9932 33.7104 -3.17707
-28.9932 33.7567 -3.17738
-28.9931 33.803 -3.1777
-28.993 33.8493 -3.17803
-28.9929 33.8956 -3.17836
-28.9928 33.942 -3.17872
-30.7784 33.9753 -3.17516
-28.9927 33.9883 -3.17908
-28.9926 34.0347 -3.17944
-30.777 34.0573 -3.17019
-28.9925 34.0811 -3.17981
-30.7756 34.139 -3.1653
-30.7741 34.2206 -3.16033
-30.114 34.8952 -3.17068
-29.8784 34.8936 -3.16532
-29.5971 34.8938 -3.17986
-30.1855 34.9168 -3.17427
-29.8082 34.9139 -3.16772
-30.2569 34.9386 -3.17788
-29.7378 34.934 -3.1702
-30.7628 33.0117 -3.1407
-28.8933 33.7539 -3.15731
-28.8923 33.8364 -3.1522
-28.8913 33.9187 -3.14712
-28.8906 34.0004 -3.14208
-30.7727 34.3019 -3.15543
-30.7713 34.383 -3.15055
-30.7699 34.4639 -3.14569
-30.7685 34.5444 -3.14087
-30.0857 34.9123 -3.15351
-29.9018 34.9089 -3.15545
-30.2899 34.9296 -3.14199
-30.0163 34.9326 -3.15587
-29.9719 34.9311 -3.15891
-29.6923 34.9218 -3.14049
-30.2216 34.9505 -3.14424
-29.7616 34.9441 -3.14388
-29.6006 32.9772 -3.13802
-28.8896 34.0821 -3.13704
-28.8886 34.1637 -3.13202
-28.8876 34.245 -3.12703
-28.8866 34.326 -3.12205
-30.7671 34.6249 -3.13605
-30.7657 34.7051 -3.13127
-30.7643 34.785 -3.12649
-30.7629 34.8648 -3.12174
-29.6235 34.8993 -3.13716
-30.3578 34.9086 -3.13977
-29.418 34.9107 -3.12261
-30.5586 34.9248 -3.12853
-29.4859 34.9335 -3.12585
-30.4916 34.9461 -3.1307
-30.6836 34.9739 -3.12888
-28.8857 34.4069 -3.1171
-30.3808 34.4559 -3.10527
-30.2872 34.4538 -3.1083
-30.1934 34.4516 -3.11135
-30.0993 34.4495 -3.11443
-28.8847 34.4876 -3.11217
-28.8837 34.568 -3.10726
-30.6851 34.6482 -3.10753
-28.8827 34.6481 -3.10237
-30.7081 34.7296 -3.11207
-30.7311 34.8114 -3.11666
-29.3505 34.8877 -3.11942
-29.1486 34.8981 -3.10523
-29.2149 34.9213 -3.10824
-30.7615 34.9443 -3.11702
-30.6903 34.9613 -3.11962
-30.1812 32.9774 -3.08432
-30.1578 32.9662 -3.09903
-30.1576 33.014 -3.09952
-30.2918 33.3887 -3.08006
-30.2909 33.4355 -3.08086
-30.29 33.4824 -3.08168
-30.2891 33.5293 -3.08249
-29.5125 33.719 -3.08789
-29.4166 33.7168 -3.09112
-29.3206 33.7146 -3.09437
-29.7032 33.7234 -3.08147
-29.6079 33.7212 -3.08467
-30.7079 34.4083 -3.09112
-30.7313 34.4886 -3.09557
-28.8818 34.7281 -3.09751
-28.8808 34.8079 -3.09266
-28.9241 34.8999 -3.08097
-28.8823 34.8931 -3.08443
-28.8794 34.8873 -3.08773
-28.8452 34.8988 -3.08145
-30.2187 34.9196 -3.08883
-30.1794 34.919 -3.08848
-30.1405 34.9185 -3.08836
-30.1392 34.9184 -3.08731
-30.1011 34.9179 -3.0879
-30.0995 34.9178 -3.08669
-30.0619 34.9173 -3.08759
-30.0599 34.9173 -3.08632
-30.0218 34.9167 -3.08678
-29.9825 34.9161 -3.08655
-29.9437 34.9155 -3.08645
-29.9058 34.9149 -3.08646
-29.7851 34.9132 -3.08563
-29.7473 34.9126 -3.08531
-29.708 34.912 -3.08512
-29.6688 34.9114 -3.08493
-29.6296 34.9108 -3.08476
-29.591 34.9101 -3.08423
-29.5518 34.9096 -3.08401
-29.5126 34.909 -3.0838
-29.4726 34.9085 -3.0843
-29.4341 34.9078 -3.08341
-29.3949 34.9072 -3.08322
-29.3556 34.9066 -3.08303
-29.316 34.906 -3.08333
-29.2764 34.9055 -3.0838
-29.2379 34.9048 -3.08255
-29.1986 34.9042 -3.08241
-29.1594 34.9036 -3.08227
-29.1204 34.9029 -3.08165
-29.1191 34.9032 -3.08396
-29.081 34.9024 -3.08175
-29.0794 34.9028 -3.085
-29.0416 34.9018 -3.08181
-29.0399 34.9023 -3.08577
-29.0023 34.9012 -3.08179
-28.962 34.9013 -3.0816
-28.9522 34.9058 -3.08984
-28.9228 34.9003 -3.08394
-30.8448 34.9287 -3.09041
-30.8068 34.9284 -3.09342
-30.7676 34.9278 -3.09302
-30.7283 34.9272 -3.09262
-30.689 34.9266 -3.09222
-30.6504 34.9261 -3.09318
-30.6111 34.9255 -3.09274
-30.5719 34.9249 -3.09231
-30.5326 34.9244 -3.0919
-30.4934 34.9238 -3.09149
-30.4541 34.9232 -3.09108
-30.4149 34.9226 -3.09068
-30.3756 34.922 -3.0903
-30.336 34.9213 -3.08944
-30.2964 34.9207 -3.08861
-30.2579 34.9202 -3.08918
-29.0154 34.9307 -3.09434
-30.1598 32.9985 -3.07713
-30.2991 33.0144 -3.07393
-30.1597 33.0463 -3.07726
-30.2982 33.0611 -3.07467
-30.2973 33.1079 -3.07541
-30.2963 33.1546 -3.07617
-30.2954 33.2014 -3.07693
-30.2945 33.2482 -3.0777
-30.2936 33.295 -3.07847
-30.2927 33.3419 -3.07927
-30.2691 33.7364 -3.0626
-30.1754 33.7342 -3.06571
-30.0815 33.7321 -3.06882
-29.9873 33.7299 -3.07196
-29.8929 33.7277 -3.07509
-29.7981 33.7256 -3.07828
-30.7294 34.1718 -3.07502
-30.7532 34.251 -3.07937
-30.7343 34.5957 -3.06048
-30.7334 34.6424 -3.06149
-30.7325 34.689 -3.06252
-30.7316 34.7357 -3.06354
-30.7307 34.7825 -3.06457
-30.7298 34.8292 -3.06562
-30.7289 34.876 -3.06667
-28.807 34.8979 -3.07871
-30.728 34.9228 -3.06774
-29.4568 32.9568 -3.04153
-29.361 32.9546 -3.04483
-29.265 32.9524 -3.04815
-29.1686 32.9501 -3.05149
-29.072 32.9479 -3.05483
-28.9751 32.9457 -3.0582
-30.754 33.5746 -3.0403
-30.7503 33.6241 -3.04063
-30.7522 33.6671 -3.04197
-30.7513 33.7133 -3.04282
-30.3625 33.7385 -3.05952
-30.7504 33.7596 -3.04367
-30.4556 33.7406 -3.05645
-30.7495 33.8058 -3.04454
-30.7487 33.8521 -3.04541
-30.7478 33.8984 -3.04628
-30.7469 33.9448 -3.04718
-30.7461 33.9911 -3.04807
-30.7452 34.0375 -3.04898
-30.7443 34.0839 -3.04989
-30.7434 34.1303 -3.05081
-30.7425 34.1768 -3.05174
-30.7416 34.2232 -3.05268
-30.7407 34.2697 -3.05363
-30.7398 34.3162 -3.05458
-30.7389 34.3627 -3.05555
-30.738 34.4093 -3.05651
-30.7371 34.4558 -3.0575
-30.7362 34.5024 -3.05848
-30.7352 34.5491 -3.05948
-29.5523 32.959 -3.03826
-29.9316 32.9677 -3.0253
-29.8372 32.9655 -3.02851
-29.7425 32.9633 -3.03174
-29.6476 32.9611 -3.03499
-29.5776 33.0005 -3.03831
-29.457 33.0344 -3.02598
-29.4569 33.0812 -3.02648
-29.4568 33.1279 -3.02698
-29.4567 33.1747 -3.02749
-29.4565 33.2215 -3.02801
-29.4564 33.2684 -3.02853
-29.4563 33.3152 -3.02908
-29.4562 33.362 -3.02962
-29.4561 33.4089 -3.03016
-29.4559 33.4558 -3.03073
-29.4558 33.5027 -3.03129
-30.7549 33.5284 -3.03948
-30.7191 33.5551 -3.03543
-30.4496 33.7284 -3.02846
-30.3536 33.7284 -3.02392
-29.6542 34.4454 -3.02929
-29.5601 34.4454 -3.02496
-29.4663 34.4454 -3.02065
-28.9893 34.874 -3.02207
-29.4373 32.8994 -3.00447
-29.2365 32.8885 -3.01403
-30.3991 32.9382 -3.00199
-29.3703 32.9245 -3.00604
-30.4788 32.954 -3.00594
-30.8127 32.9671 -3.0062
-30.7158 32.9671 -3.00153
-29.2227 32.9627 -3.0105
-30.4778 33.0393 -3.00114
-29.5797 33.0327 -3.01613
-29.2212 33.048 -3.0058
-29.4591 33.0667 -3.00355
-29.459 33.1134 -3.0037
-29.2197 33.1329 -3.00112
-29.4589 33.1602 -3.00386
-29.4588 33.207 -3.00403
-29.4587 33.2538 -3.0042
-29.4586 33.3006 -3.00438
-30.8968 33.3554 -3.00929
-29.4586 33.3474 -3.00459
-28.7932 33.3517 -3.00826
-29.4585 33.3943 -3.00479
-30.8958 33.4398 -3.00461
-28.7917 33.436 -3.00369
-29.4584 33.4412 -3.00499
-29.4583 33.488 -3.00521
-29.4582 33.535 -3.00543
-30.2578 33.7284 -3.0194
-30.1624 33.7284 -3.0149
-30.0671 33.7284 -3.01042
-29.9722 33.7284 -3.00596
-29.8775 33.7284 -3.00152
-28.7455 34.1304 -3.00062
-28.7446 34.1799 -3.00152
-28.7436 34.2294 -3.00243
-28.7427 34.279 -3.00333
-28.7417 34.3286 -3.00426
-28.7407 34.3782 -3.00519
-28.7398 34.4279 -3.00613
-29.3727 34.4454 -3.01635
-29.0212 34.4694 -3.00159
-28.7388 34.4775 -3.00708
-28.7379 34.5272 -3.00804
-28.996 34.5496 -3.00479
-28.7369 34.5769 -3.00901
-28.971 34.6301 -3.00801
-28.7359 34.6267 -3.00998
-28.735 34.6764 -3.01096
-28.734 34.7262 -3.01195
-28.9875 34.7459 -3.00064
-28.733 34.776 -3.01295
-29.0139 34.7923 -3.01875
-28.9874 34.7926 -3.00144
-28.9873 34.8394 -3.00224
-28.7321 34.8258 -3.01397
-28.7311 34.8757 -3.01497
-28.9872 34.8862 -3.00306
-28.987 34.9331 -3.00387
-28.7301 34.9256 -3.01599
-29.8966 32.8926 -2.98453
-30.3324 32.9114 -2.99945
-29.8314 32.9183 -2.98595
-30.6192 32.9671 -2.99688
-30.5229 32.9671 -2.99226
-30.4268 32.9671 -2.98765
-30.3311 32.9671 -2.98307
-29.7888 32.9653 -2.98519
-28.7665 33.0455 -2.98287
-28.7655 33.0946 -2.98359
-30.4767 33.1243 -2.99636
-28.7646 33.1438 -2.98432
-28.7636 33.1929 -2.98506
-30.4757 33.209 -2.99161
-29.2183 33.2177 -2.99646
-28.7627 33.2421 -2.9858
-30.4747 33.2936 -2.98686
-28.7617 33.2913 -2.98656
-29.2168 33.3023 -2.99183
-28.7608 33.3405 -2.98733
-30.4737 33.3779 -2.98215
-29.2153 33.3866 -2.98722
-28.7598 33.3897 -2.98809
-28.7589 33.439 -2.98887
-29.2138 33.4707 -2.98263
-28.9907 33.4915 -2.9823
-28.7579 33.4882 -2.98966
-30.8948 33.5238 -2.99995
-28.9906 33.5377 -2.98287
-28.7902 33.5201 -2.99913
-28.757 33.5375 -2.99046
-28.9905 33.5839 -2.98346
-28.756 33.5868 -2.99125
-30.8938 33.6077 -2.99531
-28.7888 33.604 -2.99459
-28.9904 33.6301 -2.98404
-28.7551 33.6361 -2.99207
-28.9903 33.6764 -2.98465
-30.8927 33.6914 -2.99069
-28.7873 33.6877 -2.99008
-28.7541 33.6855 -2.99289
-29.7831 33.7284 -2.9971
-29.6889 33.7284 -2.9927
-29.595 33.7284 -2.98832
-29.5014 33.7284 -2.98396
-28.9901 33.7227 -2.98525
-28.7532 33.7348 -2.99372
-30.8917 33.7749 -2.9861
-28.99 33.7689 -2.98586
-28.7858 33.771 -2.98558
-28.7522 33.7842 -2.99454
-28.9899 33.8153 -2.98649
-28.7513 33.8336 -2.99539
-30.8907 33.858 -2.98152
-28.7844 33.8543 -2.9811
-28.9898 33.8616 -2.98712
-28.7503 33.883 -2.99624
-28.9897 33.9079 -2.98776
-28.7494 33.9324 -2.9971
-28.9895 33.9543 -2.9884
-28.7484 33.9819 -2.99796
-28.9894 34.0007 -2.98906
-28.7474 34.0313 -2.99884
-28.9893 34.0471 -2.98972
-28.9892 34.0935 -2.9904
-28.7465 34.0809 -2.99972
-28.9891 34.14 -2.99107
-29.0304 34.1525 -2.98492
-28.9892 34.14 -2.99109
-29.0308 34.1795 -2.98389
-28.9903 34.1789 -2.98387
-28.9499 34.1783 -2.98376
-28.9095 34.1777 -2.98365
-28.8691 34.1771 -2.98356
-28.8306 34.1761 -2.98083
-30.363 34.1997 -2.99235
-30.3596 34.1995 -2.98968
-30.3226 34.1991 -2.99197
-30.3193 34.1989 -2.9895
-30.2824 34.1985 -2.9917
-30.2794 34.1984 -2.98976
-30.242 34.1979 -2.99132
-30.2391 34.1978 -2.98956
-30.2017 34.1973 -2.99096
-30.1987 34.1972 -2.98937
-30.1613 34.1967 -2.9906
-30.1583 34.1966 -2.98919
-30.1225 34.1961 -2.99086
-30.1171 34.196 -2.98874
-30.0822 34.1955 -2.99042
-30.0768 34.1954 -2.98862
-30.0418 34.1949 -2.99
-30.0364 34.1948 -2.9885
-30.0015 34.1942 -2.98958
-29.996 34.1942 -2.98839
-29.9611 34.1936 -2.98917
-29.9557 34.1936 -2.98827
-29.9207 34.193 -2.98876
-29.7942 34.1912 -2.98793
-29.7566 34.1906 -2.98755
-29.7162 34.19 -2.98735
-29.6749 34.1894 -2.98735
-29.6355 34.1887 -2.98695
-29.5951 34.1881 -2.98676
-29.5545 34.1875 -2.98669
-29.5153 34.1869 -2.98603
-29.4749 34.1863 -2.98581
-29.4346 34.1856 -2.98561
-29.3942 34.185 -2.98541
-29.3538 34.1844 -2.98522
-29.3135 34.1838 -2.98504
-29.2731 34.1832 -2.98487
-29.2327 34.1826 -2.9847
-29.1923 34.182 -2.98455
-29.1519 34.1813 -2.98439
-29.1115 34.1807 -2.98425
-29.0711 34.1801 -2.98411
-29.0274 34.18 -2.98798
-28.9889 34.1865 -2.99176
-30.8441 34.2067 -2.99241
-30.8061 34.2064 -2.99538
-30.7668 34.2059 -2.99648
-30.7264 34.2053 -2.99602
-30.686 34.2047 -2.99558
-30.6456 34.204 -2.99514
-30.6052 34.2034 -2.99471
-30.5648 34.2028 -2.99428
-30.5244 34.2022 -2.99387
-30.4841 34.2016 -2.99346
-30.4437 34.201 -2.99307
-30.4033 34.2004 -2.99267
-29.0048 34.2312 -2.98799
-28.9888 34.2329 -2.99246
-28.9887 34.2795 -2.99316
-28.9793 34.3102 -2.99109
-28.9886 34.326 -2.99388
-28.9885 34.3726 -2.99459
-28.9883 34.4191 -2.99533
-28.9882 34.4658 -2.99606
-28.9881 34.5124 -2.9968
-28.988 34.559 -2.99756
-28.9879 34.6057 -2.99831
-28.9878 34.6524 -2.99909
-28.9876 34.6991 -2.99986
-29.8722 32.8912 -2.97284
-29.6787 32.8932 -2.96112
-30.0245 32.926 -2.97701
-29.9127 32.9399 -2.97254
-29.7426 32.921 -2.96337
-30.2356 32.9671 -2.9785
-30.1404 32.9671 -2.97396
-30.0455 32.9671 -2.96944
-29.9508 32.9671 -2.96494
-29.8564 32.9671 -2.96046
-30.4726 33.4621 -2.97746
-30.4716 33.5458 -2.97278
-29.2124 33.5545 -2.97805
-30.4706 33.6295 -2.96813
-29.2109 33.6382 -2.97349
-30.9883 33.6424 -2.96004
-30.9882 33.6917 -2.96054
-29.408 33.7284 -2.97962
-29.3149 33.7284 -2.9753
-30.988 33.7411 -2.96111
-30.9879 33.7905 -2.96167
-30.9878 33.8399 -2.96225
-30.9877 33.8893 -2.96283
-30.9875 33.9387 -2.96342
-28.7829 33.9373 -2.97668
-30.8897 33.941 -2.97697
-30.9874 33.9882 -2.96403
-30.9873 34.0377 -2.96464
-30.8887 34.0238 -2.97243
-28.7815 34.02 -2.9722
-30.9872 34.0872 -2.96525
-30.8877 34.1064 -2.96791
-28.78 34.1026 -2.96779
-30.987 34.1367 -2.96588
-28.992 34.1258 -2.96019
-28.9919 34.1723 -2.96052
-30.9869 34.1862 -2.96651
-30.8867 34.1887 -2.96341
-28.7786 34.185 -2.96339
-28.9918 34.2187 -2.96088
-30.9868 34.2358 -2.96716
-28.9917 34.2652 -2.96123
-30.9866 34.2854 -2.9678
-28.9916 34.3117 -2.9616
-30.9865 34.335 -2.96846
-28.9916 34.3583 -2.96197
-30.9864 34.3847 -2.96912
-28.9915 34.4048 -2.96234
-30.9863 34.4343 -2.96979
-28.9914 34.4514 -2.96274
-30.9861 34.484 -2.97048
-28.9913 34.498 -2.96313
-30.986 34.5337 -2.97117
-28.9912 34.5447 -2.96353
-30.9859 34.5834 -2.97187
-28.9911 34.5913 -2.96395
-30.9858 34.6332 -2.97257
-28.991 34.638 -2.96436
-30.9856 34.6829 -2.97328
-28.9909 34.6847 -2.96479
-30.9855 34.7327 -2.974
-28.9909 34.7314 -2.96522
-28.9908 34.7782 -2.96567
-30.9854 34.7825 -2.97474
-30.9852 34.8324 -2.97548
-28.9907 34.825 -2.96612
-28.9906 34.8718 -2.96658
-30.9851 34.8822 -2.97622
-28.9905 34.9186 -2.96705
-30.985 34.9321 -2.97697
-28.9904 34.9654 -2.96752
-30.9849 34.9821 -2.97773
-30.9897 33.0516 -2.95397
-30.9896 33.1007 -2.95443
-30.9895 33.1499 -2.95489
-30.9893 33.1991 -2.95536
-30.9892 33.2482 -2.95584
-30.9891 33.2974 -2.95634
-30.989 33.3467 -2.95684
-30.9888 33.3959 -2.95734
-30.9887 33.4452 -2.95785
-28.9896 33.4602 -2.94593
-30.9886 33.4944 -2.95838
-28.9931 33.5237 -2.95649
-30.9885 33.5437 -2.95891
-28.993 33.5699 -2.95673
-30.9883 33.593 -2.95944
-29.0285 33.6116 -2.95581
-28.9929 33.6161 -2.95698
-30.9882 33.6424 -2.95999
-28.9929 33.6624 -2.95722
-28.9928 33.7086 -2.95749
-28.9927 33.7549 -2.95776
-28.9926 33.8012 -2.95803
-28.9925 33.8475 -2.95832
-28.9924 33.8938 -2.95861
-28.9923 33.9402 -2.95891
-28.9922 33.9866 -2.95921
-28.9922 34.033 -2.95953
-28.9921 34.0794 -2.95985
-30.8857 34.2708 -2.95893
-28.7772 34.2671 -2.95901
-30.8847 34.3528 -2.95447
-28.7757 34.3489 -2.95465
-30.8837 34.4344 -2.95004
-28.7743 34.4307 -2.9503
-30.9885 34.913 -2.94035
-30.9884 34.9629 -2.94074
-30.9883 35.0128 -2.94114
-30.9918 33.0822 -2.93149
-30.9917 33.1314 -2.93159
-30.9916 33.1805 -2.9317
-30.9915 33.2297 -2.93181
-30.9914 33.2789 -2.93193
-30.9913 33.3281 -2.93206
-30.9912 33.3773 -2.9322
-30.9912 33.4266 -2.93235
-30.9911 33.4758 -2.9325
-30.991 33.5251 -2.93266
-30.9909 33.5744 -2.93283
-30.9908 33.6237 -2.933
-30.9907 33.673 -2.9332
-30.9907 33.7224 -2.93339
-30.9906 33.7718 -2.93359
-30.9905 33.8212 -2.93379
-30.9904 33.8706 -2.93401
-30.9903 33.92 -2.93423
-30.9902 33.9694 -2.93446
-30.9901 34.0189 -2.9347
-30.99 34.0684 -2.93495
-30.99 34.1179 -2.9352
-30.9899 34.1674 -2.93547
-30.9898 34.217 -2.93574
-30.9897 34.2665 -2.93602
-30.9896 34.3161 -2.9363
-30.9895 34.3657 -2.9366
-30.9894 34.4154 -2.9369
-30.9893 34.465 -2.9372
-30.9892 34.5147 -2.93752
-30.9891 34.5644 -2.93785
-30.989 34.6141 -2.93819
-30.9889 34.6639 -2.93853
-30.9888 34.7137 -2.93887
-30.9887 34.7635 -2.93923
-30.9886 34.8133 -2.9396
-30.9886 34.8631 -2.93998
