-36.5483 26.3775 -5.00275
-36.7411 26.6873 -5.00636
-36.3629 27.8838 -5.0001
-36.5905 26.4226 -4.99303
-36.6323 26.4675 -4.98337
-34.935 27.0943 -4.98085
-36.4643 27.8211 -4.98127
-36.4136 27.8524 -4.99067
-36.6791 26.5131 -4.97274
-36.6781 26.5502 -4.97176
-36.704 26.5921 -4.96537
-34.8912 27.0933 -4.97843
-35.0087 27.2756 -4.96561
-36.6162 27.7064 -4.96278
-36.5576 27.7212 -4.96486
-36.5552 27.7602 -4.96102
-36.5217 27.7908 -4.97053
-36.5981 26.4445 -4.95131
-36.7297 26.6337 -4.95907
-36.7552 26.6752 -4.9528
-36.7784 26.7162 -4.947
-36.7919 26.7555 -4.94316
-36.7912 26.7924 -4.9422
-34.9489 26.9089 -4.94602
-35.039 27.406 -4.94664
-36.6879 27.5529 -4.94278
-36.6872 27.5897 -4.94209
-36.6637 27.6236 -4.94599
-36.6276 27.6559 -4.95241
-36.5926 27.6885 -4.95863
-36.5511 27.7658 -4.95326
-35.977 26.0824 -4.93739
-36.4866 26.3358 -4.92374
-36.5423 26.3902 -4.93751
-36.8312 26.8176 -4.92582
-34.9752 26.8038 -4.92718
-36.8046 26.8316 -4.93843
-36.8181 26.8708 -4.93464
-36.83 26.9096 -4.93118
-36.8338 26.9471 -4.92939
-36.8331 26.9839 -4.9285
-36.837 27.0213 -4.9267
-36.8408 27.0588 -4.92491
-36.8411 27.0956 -4.92387
-36.836 27.1317 -4.92391
-36.831 27.1678 -4.92393
-36.8303 27.2044 -4.92311
-36.8252 27.2405 -4.92319
-36.8202 27.2765 -4.92328
-35.0527 27.2726 -4.92861
-36.8022 27.3107 -4.92597
-36.7882 27.3455 -4.92787
-36.7875 27.3822 -4.92711
-36.7737 27.4171 -4.929
-36.7599 27.452 -4.9309
-36.7349 27.4855 -4.93504
-35.0755 27.4983 -4.93379
-36.7114 27.5192 -4.93892
-35.1655 27.5826 -4.92408
-35.1133 27.5818 -4.92231
-36.4807 27.8403 -4.9366
-36.42 27.8768 -4.92844
-36.3595 27.9134 -4.92033
-36.4335 26.2917 -4.91206
-36.39 26.2907 -4.90919
-35.0025 26.7064 -4.90991
-36.8508 26.9609 -4.90961
-35.083 27.403 -4.9094
-35.2063 27.6476 -4.91561
-36.6605 27.7022 -4.91388
-35.2468 27.7131 -4.90705
-35.2906 27.7592 -4.90159
-36.5939 27.7635 -4.90218
-36.3071 27.9126 -4.91826
-36.2469 27.9483 -4.91029
-36.1904 27.9677 -4.90501
-36.288 26.2189 -4.88931
-36.2411 26.2011 -4.88307
-36.3397 26.2583 -4.89996
-35.1419 26.5126 -4.88006
-35.1075 26.5622 -4.88774
-35.0644 26.5612 -4.88529
-35.0339 26.6359 -4.89802
-36.8542 27.0795 -4.8969
-36.9366 27.1315 -4.88877
-36.8915 27.1305 -4.88579
-36.8322 27.1599 -4.88965
-36.8323 27.16 -4.88963
-36.8102 27.2399 -4.88247
-36.8102 27.24 -4.88245
-35.1195 27.4952 -4.89626
-35.2095 27.5795 -4.88589
-35.1573 27.5787 -4.8845
-36.6811 27.6866 -4.88717
-35.3343 27.8053 -4.89615
-36.5249 27.8361 -4.88868
-35.4305 27.8489 -4.89308
-35.3785 27.8481 -4.89124
-36.4642 27.8727 -4.88097
-35.4767 27.8801 -4.89006
-35.5228 27.9114 -4.88702
-35.6178 27.9591 -4.88338
-35.5693 27.9406 -4.88434
-35.3712 27.9415 -4.89303
-35.7181 27.9786 -4.88429
-35.6662 27.9778 -4.88239
-36.134 27.9869 -4.89974
-35.7665 27.9971 -4.88339
-36.0783 28.0034 -4.89493
-36.0249 28.0087 -4.89196
-35.9729 28.0079 -4.88997
-35.9196 28.0131 -4.88702
-35.8681 28.0105 -4.88536
-35.8173 28.0036 -4.88439
-35.9633 28.0281 -4.89153
-36.0582 26.1483 -4.86201
-36.2717 26.1758 -4.87896
-36.1476 26.1658 -4.87069
-36.1045 26.1648 -4.86792
-36.1943 26.1833 -4.87685
-35.1864 26.3836 -4.86062
-35.21 26.4105 -4.86412
-35.1763 26.4629 -4.87238
-36.8299 27.3811 -4.86651
-36.7966 27.4437 -4.8618
-35.2503 27.6444 -4.8771
-35.2907 27.7098 -4.86823
-35.3345 27.756 -4.86245
-36.4036 27.9093 -4.8733
-36.3512 27.9085 -4.87161
-36.291 27.9443 -4.86408
-36.0836 28.0032 -4.86906
-35.4977 28.0066 -4.8788
-35.5951 28.0327 -4.8703
-35.9701 26.1359 -4.85445
-35.9261 26.1299 -4.85072
-35.8838 26.132 -4.84864
-35.8419 26.1358 -4.84693
-35.799 26.1348 -4.84425
-35.7572 26.1387 -4.84258
-36.0141 26.1421 -4.85824
-35.7153 26.1428 -4.84094
-35.6761 26.1602 -4.84203
-35.6361 26.1735 -4.8423
-35.596 26.1872 -4.84264
-35.5533 26.1862 -4.84004
-35.5132 26.1998 -4.8404
-36.405 26.2385 -4.85186
-35.4758 26.2277 -4.84365
-35.4376 26.2512 -4.84604
-35.3992 26.2747 -4.84842
-35.3623 26.3062 -4.85241
-35.3259 26.3413 -4.85713
-35.283 26.3403 -4.85463
-35.2465 26.3752 -4.85934
-36.7638 27.5033 -4.85797
-36.72 27.554 -4.85456
-36.7199 27.5538 -4.85459
-36.6785 27.6041 -4.85167
-36.6668 27.6975 -4.84256
-36.6187 27.7378 -4.8411
-35.3782 27.802 -4.85668
-35.4744 27.8455 -4.8529
-35.4224 27.8447 -4.85144
-35.5206 27.8767 -4.84953
-35.5668 27.908 -4.84614
-35.6133 27.9371 -4.84312
-35.6617 27.9556 -4.8418
-36.2345 27.9637 -4.85921
-36.2063 27.9789 -4.84614
-35.7621 27.975 -4.84197
-35.7101 27.9743 -4.84045
-36.2203 27.9883 -4.84078
-36.1781 27.983 -4.85435
-36.1223 27.9995 -4.84996
-35.8613 27.9999 -4.84134
-35.8105 27.9934 -4.8407
-36.069 28.0048 -4.84737
-36.0169 28.0041 -4.84577
-35.9636 28.0094 -4.84321
-35.912 28.0068 -4.84193
-35.8613 28 -4.84133
-36.0147 28.0759 -4.841
-35.7039 28.075 -4.85948
-35.9449 28.0863 -4.84404
-35.8704 28.0904 -4.84801
-35.7874 28.0828 -4.85371
-35.8044 26.0871 -4.8209
-35.4153 26.2322 -4.82469
-36.4737 26.289 -4.8373
-36.473 26.3267 -4.83624
-36.8565 27.2359 -4.82127
-36.8682 27.3067 -4.82853
-36.5705 27.7779 -4.83966
-36.5216 27.8172 -4.83839
-36.4901 27.8812 -4.83353
-36.4356 27.9123 -4.83343
-36.2816 27.9124 -4.833
-36.3797 27.9414 -4.83363
-36.2808 27.9497 -4.83247
-36.2218 27.9474 -4.82569
-36.3193 27.9643 -4.83475
-36.2588 27.9871 -4.83589
-36.2217 28.0044 -4.82521
-36.2131 28.0307 -4.83407
-36.2202 28.0453 -4.83989
-36.1466 28.0451 -4.83645
-36.0797 28.0591 -4.83892
-35.5808 26.144 -4.80107
-36.5511 26.3784 -4.81992
-36.5933 26.4235 -4.81057
-36.6351 26.4684 -4.8013
-36.8445 27.1654 -4.81406
-36.4163 27.8533 -4.80846
-36.3656 27.8847 -4.81753
-35.8073 26.0461 -4.79192
-35.6778 26.1249 -4.79086
-35.541 26.1715 -4.78334
-36.6819 26.514 -4.79108
-36.6812 26.5513 -4.79009
-36.7068 26.593 -4.78401
-36.7455 26.6894 -4.79651
-36.8543 26.9881 -4.79287
-36.8792 27.0436 -4.79728
-36.5603 27.7221 -4.78363
-36.5596 27.7589 -4.78303
-36.5244 27.7917 -4.78909
-36.467 27.822 -4.79942
-35.7894 27.9547 -4.78278
-36.0127 26.1 -4.76027
-35.9416 26.0937 -4.76546
-35.8631 26.0947 -4.77207
-35.7818 26.0984 -4.77925
-35.407 26.2418 -4.76362
-36.6687 26.5458 -4.76565
-36.7324 26.6346 -4.77796
-36.7682 26.6708 -4.76334
-36.7579 26.6761 -4.77193
-36.8085 26.7088 -4.76445
-36.7811 26.7171 -4.76636
-36.7946 26.7564 -4.76267
-36.8054 26.7942 -4.77449
-36.7939 26.7933 -4.76175
-36.8391 26.8395 -4.77699
-36.8726 26.8851 -4.77958
-34.9395 27.0963 -4.77063
-34.8957 27.0953 -4.76827
-36.8503 27.388 -4.76807
-36.6906 27.5538 -4.7624
-36.6899 27.5906 -4.76174
-36.6664 27.6244 -4.76549
-36.6304 27.6568 -4.77166
-36.5953 27.6894 -4.77765
-35.791 27.914 -4.76746
-35.9798 26.0833 -4.75036
-36.0796 26.1105 -4.75594
-36.142 26.1255 -4.75246
-35.5438 26.1307 -4.75499
-36.1943 26.1509 -4.75101
-36.2578 26.1645 -4.74732
-36.3016 26.1987 -4.74757
-36.3592 26.2182 -4.74505
-36.4165 26.238 -4.74261
-36.4568 26.2757 -4.74359
-36.5065 26.3034 -4.74266
-35.3057 26.3082 -4.74844
-36.536 26.3525 -4.74581
-36.5876 26.3781 -4.74453
-35.3056 26.3642 -4.74718
-36.61 26.4352 -4.74892
-36.6566 26.4658 -4.74894
-36.6756 26.5267 -4.75433
-36.7217 26.5581 -4.75419
-36.7607 26.5973 -4.75554
-36.8073 26.8325 -4.75814
-36.8208 26.8717 -4.75449
-36.8327 26.9105 -4.75118
-36.8365 26.948 -4.74946
-36.8358 26.9848 -4.7486
-36.8397 27.0222 -4.74688
-36.8435 27.0597 -4.74516
-36.8438 27.0965 -4.74417
-36.8387 27.1325 -4.74421
-36.8337 27.1686 -4.74423
-36.833 27.2053 -4.74345
-36.828 27.2413 -4.74353
-36.8229 27.2774 -4.74362
-36.8049 27.3116 -4.74622
-36.7909 27.3464 -4.74804
-36.7902 27.3831 -4.74732
-36.7764 27.418 -4.74913
-36.7626 27.4529 -4.75096
-36.7376 27.4864 -4.75495
-36.7141 27.5201 -4.75868
-35.6066 27.868 -4.74281
-35.4748 27.8601 -4.74155
-35.605 27.9087 -4.75845
-35.4097 26.201 -4.73579
-35.3084 26.2675 -4.7211
-35.3083 26.3235 -4.72026
-36.5467 26.3922 -4.73023
-35.2438 26.4263 -4.73744
-35.178 26.4885 -4.7272
-35.1393 26.5479 -4.72068
-34.9534 26.911 -4.73717
-34.9821 27.1342 -4.73403
-34.9294 27.1334 -4.73236
-36.7521 27.585 -4.73545
-36.6989 27.5842 -4.73335
-35.3108 27.7027 -4.72189
-35.3966 27.7531 -4.73269
-35.4764 27.8195 -4.72556
-35.3965 27.8089 -4.73175
-36.4379 26.2938 -4.70571
-36.3944 26.2928 -4.70292
-36.4911 26.3378 -4.71696
-35.2464 26.3856 -4.71098
-35.1806 26.4478 -4.70119
-35.1007 26.6072 -4.71419
-35.1006 26.6628 -4.71301
-35.0069 26.7084 -4.70255
-35.0702 26.7211 -4.70766
-35.0489 26.7785 -4.70359
-34.9796 26.8059 -4.71911
-35.0111 27.275 -4.71443
-36.8929 27.3835 -4.7175
-35.1226 27.4376 -4.70093
-35.1577 27.4906 -4.70476
-35.1576 27.546 -4.70377
-35.2042 27.5984 -4.70919
-35.2576 27.6504 -4.71554
-35.3126 27.6621 -4.70475
-36.6186 27.7058 -4.71243
-35.3983 27.7125 -4.71592
-36.552 27.7671 -4.70081
-35.3981 27.7682 -4.71539
-35.9661 28.029 -4.70655
-36.2744 26.1767 -4.69429
-36.2924 26.2209 -4.68375
-36.5575 26.2544 -4.68233
-36.3441 26.2604 -4.69401
-35.1419 26.5072 -4.69511
-35.1061 26.5658 -4.68648
-35.1031 26.6221 -4.68828
-35.0383 26.638 -4.69115
-35.0726 26.6804 -4.68336
-35.0243 26.836 -4.69909
-35.0172 26.892 -4.697
-35.0171 26.9474 -4.69588
-35.0101 27.0033 -4.69382
-35.0093 27.0587 -4.69263
-35.0157 27.1135 -4.69245
-35.0243 27.1311 -4.69725
-34.9716 27.1304 -4.69597
-35.0222 27.1683 -4.69228
-35.0436 27.2219 -4.69417
-35.0435 27.2773 -4.69312
-35.0635 27.3311 -4.69484
-35.1245 27.397 -4.68187
-35.0839 27.385 -4.69662
-35.0414 27.4054 -4.6964
-35.1596 27.45 -4.68608
-35.0779 27.4977 -4.68419
-35.1594 27.5054 -4.6855
-35.206 27.5578 -4.6913
-36.7414 27.5799 -4.68387
-36.7946 27.5806 -4.68558
-35.2594 27.6098 -4.69803
-36.4831 27.8397 -4.68747
-36.0864 28.0041 -4.685
-36.152 26.1678 -4.66576
-36.1089 26.1668 -4.66307
-36.1987 26.1853 -4.67171
-36.2455 26.2031 -4.67772
-36.4078 26.2394 -4.66829
-35.1807 26.465 -4.66663
-35.1463 26.5146 -4.67399
-35.0688 26.5633 -4.67895
-35.0512 26.7378 -4.67971
-35.0267 26.7954 -4.67563
-35.0195 26.8514 -4.67395
-35.0194 26.9068 -4.67324
-35.0123 26.9627 -4.67159
-35.0115 27.0181 -4.6708
-35.0178 27.0729 -4.67103
-36.9412 27.1336 -4.67584
-36.8961 27.1326 -4.67296
-35.0243 27.1277 -4.67125
-35.0457 27.1814 -4.67353
-35.0455 27.2367 -4.67289
-35.0533 27.2719 -4.67742
-35.0061 27.2713 -4.67424
-35.0655 27.2905 -4.675
-35.0858 27.3444 -4.67718
-35.0374 27.3446 -4.67131
-35.1679 27.582 -4.675
-35.1157 27.5812 -4.67329
-35.2087 27.647 -4.66696
-36.661 27.7015 -4.66352
-36.4224 27.8762 -4.67969
-36.3618 27.9128 -4.67195
-36.3094 27.912 -4.66994
-36.2493 27.9477 -4.66234
-35.9745 26.138 -4.65003
-35.9305 26.132 -4.64641
-35.8882 26.134 -4.64436
-35.8463 26.1378 -4.64269
-35.8034 26.1368 -4.6401
-36.0626 26.1503 -4.65735
-36.0185 26.1442 -4.6537
-35.4419 26.2533 -4.64154
-35.4036 26.2768 -4.64378
-36.4764 26.2899 -4.65433
-35.3667 26.3083 -4.6476
-36.4757 26.3276 -4.6533
-35.3303 26.3433 -4.65211
-35.2874 26.3423 -4.64966
-35.2509 26.3774 -4.6542
-35.2143 26.4125 -4.65873
-35.0835 27.4023 -4.65914
-35.12 27.4945 -4.64665
-35.12 27.4945 -4.64666
-35.1463 27.5727 -4.6459
-35.2491 27.7125 -4.65882
-35.293 27.7586 -4.65364
-36.5944 27.7628 -4.65239
-35.3367 27.8047 -4.6485
-35.4328 27.8483 -4.6456
-35.3809 27.8475 -4.64384
-35.479 27.8795 -4.64276
-36.2843 27.9134 -4.65037
-36.2836 27.9506 -4.64987
-36.196 27.9696 -4.65842
-36.1363 27.9863 -4.65226
-36.0806 28.0028 -4.64767
-36.0273 28.0081 -4.64481
-35.9752 28.0073 -4.6429
-35.922 28.0125 -4.64006
-36.1183 26.025 -4.62932
-35.7615 26.1407 -4.63845
-35.7197 26.1448 -4.63686
-35.6804 26.1622 -4.63786
-35.6404 26.1755 -4.6381
-35.6004 26.1892 -4.63839
-35.5576 26.1882 -4.63587
-35.5176 26.2018 -4.63618
-35.4802 26.2296 -4.63926
-36.5538 26.3793 -4.63765
-36.596 26.4244 -4.62868
-36.8351 26.8166 -4.6212
-35.0831 27.4343 -4.6313
-35.21 27.5788 -4.63679
-35.1578 27.5781 -4.63546
-35.2508 27.6437 -4.62844
-35.2913 27.709 -4.62
-36.5255 27.8355 -4.63954
-36.419 27.8542 -4.62681
-36.4647 27.8721 -4.6322
-36.3684 27.8855 -4.63551
-36.4041 27.9087 -4.6249
-36.3517 27.9079 -4.62329
-35.5252 27.9108 -4.63988
-35.6201 27.9585 -4.63647
-35.5717 27.94 -4.63735
-35.7204 27.978 -4.63738
-35.6685 27.9772 -4.63554
-35.7689 27.9965 -4.63654
-35.8704 28.0099 -4.63846
-35.8197 28.0031 -4.63752
-35.9955 26.0226 -4.61841
-35.9101 26.0468 -4.61246
-35.825 26.0711 -4.60657
-35.746 26.0996 -4.60149
-36.6378 26.4693 -4.61979
-36.6846 26.5149 -4.60999
-36.6839 26.5521 -4.60904
-36.7095 26.5939 -4.60321
-36.8547 26.9599 -4.60597
-34.9822 27.1787 -4.60572
-35.0319 27.3056 -4.61838
-36.6847 27.69 -4.61491
-35.2912 27.7092 -4.62
-36.563 27.7229 -4.60296
-36.5623 27.7598 -4.60239
-35.3351 27.7553 -4.61449
-36.5271 27.7926 -4.60822
-35.3788 27.8014 -4.60901
-36.4698 27.8229 -4.61813
-35.4749 27.8449 -4.60541
-35.4229 27.8441 -4.60403
-35.5211 27.8761 -4.60222
-36.2915 27.9437 -4.61612
-36.235 27.9631 -4.61148
-36.1786 27.9823 -4.60687
-36.1228 27.9989 -4.60268
-36.0695 28.0042 -4.60021
-35.6062 26.0833 -4.58825
-35.5515 26.1292 -4.58642
-35.497 26.1751 -4.58462
-35.4423 26.2208 -4.5828
-35.19 26.3869 -4.58787
-36.7351 26.6354 -4.59741
-36.7606 26.6769 -4.59162
-36.75 26.6914 -4.58722
-36.7838 26.7179 -4.58628
-36.7973 26.7573 -4.58275
-35.0099 26.762 -4.5806
-36.7966 26.7942 -4.58187
-34.9932 26.8363 -4.58405
-34.9753 26.91 -4.58737
-34.9691 26.9928 -4.5923
-36.8581 27.0785 -4.59403
-34.9753 27.0853 -4.59895
-36.8361 27.159 -4.58718
-36.8142 27.2391 -4.58038
-36.7725 27.506 -4.58821
-36.6933 27.5547 -4.58256
-36.6926 27.5915 -4.58194
-36.6691 27.6253 -4.58554
-36.6331 27.6577 -4.59147
-36.5981 27.6903 -4.59722
-35.5673 27.9073 -4.599
-35.6138 27.9365 -4.59613
-35.6623 27.9549 -4.59488
-35.3751 27.9405 -4.58905
-35.7626 27.9744 -4.59505
-35.7107 27.9736 -4.5936
-35.8618 27.9994 -4.59445
-35.811 27.9928 -4.59385
-36.0174 28.0035 -4.59869
-35.9642 28.0088 -4.59624
-35.9126 28.0062 -4.59502
-35.9826 26.0843 -4.56388
-35.3475 26.2367 -4.57559
-35.3033 26.29 -4.57519
-35.2588 26.3431 -4.57477
-35.2241 26.4034 -4.57567
-35.1544 26.4375 -4.57186
-35.1231 26.5005 -4.57325
-35.097 26.5675 -4.57537
-35.0436 26.6137 -4.57378
-35.0267 26.6877 -4.57718
-36.81 26.8334 -4.57839
-36.8235 26.8725 -4.57491
-36.8355 26.9114 -4.57172
-36.8392 26.9489 -4.57009
-36.8385 26.9856 -4.56926
-36.8424 27.0231 -4.56762
-36.8462 27.0605 -4.56598
-36.8465 27.0974 -4.56501
-34.9439 27.0984 -4.56096
-36.8414 27.1334 -4.56506
-36.8364 27.1695 -4.56508
-36.8357 27.2062 -4.56434
-36.8307 27.2422 -4.56442
-36.8256 27.2783 -4.56451
-36.8076 27.3125 -4.56701
-36.7936 27.3473 -4.56876
-36.8337 27.3799 -4.56545
-36.8338 27.3801 -4.56541
-36.7929 27.384 -4.56807
-36.7791 27.4189 -4.56982
-36.8005 27.4427 -4.56096
-36.7653 27.4538 -4.57159
-36.7403 27.4872 -4.5754
-36.7168 27.5209 -4.579
-36.2197 27.986 -4.56686
-35.5015 28.0056 -4.5758
-35.599 28.0317 -4.56786
-36.2196 28.0431 -4.56599
-35.8038 26.0849 -4.54895
-35.4188 26.2355 -4.55397
-36.6732 26.5477 -4.55752
-34.9002 27.0974 -4.55866
-36.8481 27.1687 -4.54557
-36.86 27.2392 -4.55244
-36.8717 27.31 -4.55936
-36.7653 27.5026 -4.55689
-36.7239 27.5529 -4.55409
-36.6824 27.6031 -4.55132
-36.6707 27.6965 -4.54274
-36.6226 27.7369 -4.54132
-36.2212 27.9472 -4.55176
-36.2211 28.0042 -4.5513
-36.0186 28.075 -4.54068
-35.7078 28.074 -4.55779
-35.9487 28.0853 -4.54349
-35.8743 28.0895 -4.54715
-35.7912 28.0819 -4.55243
-35.6814 26.1282 -4.5221
-35.5844 26.1473 -4.5317
-36.5511 26.3943 -4.5235
-36.6069 26.4484 -4.53626
-34.9578 26.9131 -4.52889
-36.8578 26.9914 -4.52543
-36.8827 27.0468 -4.52966
-36.5743 27.777 -4.53992
-36.5254 27.8162 -4.53868
-36.4939 27.8802 -4.53407
-36.4394 27.9113 -4.53394
-36.3836 27.9404 -4.53408
-36.3231 27.9633 -4.53508
-36.2627 27.9862 -4.5361
-36.217 28.0297 -4.53433
-35.9688 28.0299 -4.52212
-36.1504 28.0441 -4.53652
-36.0835 28.0581 -4.53878
-35.8067 26.0459 -4.51996
-35.8666 26.0979 -4.50447
-35.7853 26.1016 -4.51119
-36.2772 26.1776 -4.51016
-35.5404 26.1693 -4.51344
-36.4955 26.3399 -4.51073
-36.8089 26.7974 -4.50789
-34.9841 26.8079 -4.51159
-36.8426 26.8428 -4.51032
-36.8761 26.8883 -4.51281
-36.8527 27.3874 -4.51553
-35.7888 27.9525 -4.51209
-36.0891 28.005 -4.50146
-35.9451 26.097 -4.49826
-36.0831 26.1138 -4.48938
-36.0162 26.1032 -4.49342
-36.1455 26.1287 -4.48615
-35.5432 26.1305 -4.48509
-36.1978 26.1541 -4.48482
-36.2613 26.1677 -4.48139
-36.3051 26.2019 -4.48169
-35.4064 26.2396 -4.49478
-36.4112 26.2404 -4.48466
-36.3485 26.2624 -4.4886
-36.4423 26.2958 -4.4999
-36.3988 26.2948 -4.49719
-35.3052 26.3061 -4.48041
-36.5395 26.3558 -4.4803
-36.6138 26.4379 -4.48353
-36.6601 26.4691 -4.48341
-36.6792 26.5298 -4.48852
-36.7252 26.5613 -4.48849
-36.7642 26.6006 -4.48982
-35.0427 26.64 -4.48482
-36.7717 26.6741 -4.49724
-36.812 26.712 -4.49834
-35.0113 26.7105 -4.49572
-34.9845 27.1336 -4.48237
-34.9317 27.1328 -4.48077
-36.7544 27.5844 -4.48453
-36.7013 27.5836 -4.48252
-35.7904 27.9138 -4.49676
-35.6045 27.9065 -4.48914
-36.2118 27.9807 -4.48037
-36.1564 26.1698 -4.46136
-36.2031 26.1874 -4.4671
-36.2499 26.2051 -4.4729
-35.4092 26.2008 -4.46694
-36.3627 26.2214 -4.47936
-36.2968 26.223 -4.47872
-36.4602 26.279 -4.47808
-36.4792 26.2908 -4.47188
-36.51 26.3066 -4.47726
-36.4785 26.3285 -4.4709
-35.3051 26.362 -4.4792
-36.5911 26.3813 -4.47914
-35.2432 26.4241 -4.46997
-35.185 26.467 -4.46143
-35.1775 26.4863 -4.46027
-35.1507 26.5166 -4.46845
-35.1163 26.5663 -4.47547
-35.0732 26.5653 -4.47314
-36.9457 27.1357 -4.46345
-36.9006 27.1347 -4.46065
-35.0134 27.2744 -4.4638
-36.8934 27.3829 -4.46495
-36.6209 27.7052 -4.46263
-35.396 27.7509 -4.46487
-35.3959 27.8067 -4.46397
-35.4742 27.8579 -4.4732
-35.606 27.8678 -4.47349
-36.287 27.9142 -4.46828
-36.2863 27.9515 -4.4678
-35.9788 26.14 -4.44613
-35.9348 26.134 -4.44262
-35.8925 26.136 -4.44064
-36.0669 26.1523 -4.45323
-36.0229 26.1462 -4.44969
-36.1133 26.1688 -4.45874
-35.3079 26.2673 -4.45307
-35.371 26.3103 -4.44332
-35.3077 26.3233 -4.45227
-35.3346 26.3453 -4.44761
-35.2918 26.3443 -4.44523
-35.2553 26.3794 -4.44956
-36.5566 26.3802 -4.45591
-35.2458 26.3854 -4.4435
-35.2187 26.4145 -4.45388
-36.5987 26.4253 -4.44732
-35.1388 26.5458 -4.45408
-35.1001 26.605 -4.44793
-35.1 26.6606 -4.44679
-35.0696 26.7189 -4.44171
-35.0249 27.1305 -4.44558
-34.9721 27.1297 -4.44437
-35.0437 27.4048 -4.4467
-35.2036 27.5962 -4.44275
-35.2571 27.6483 -4.44873
-35.3977 27.7123 -4.44809
-35.3103 27.7005 -4.4547
-36.5543 27.7665 -4.45157
-35.3975 27.768 -4.4476
-35.4758 27.8192 -4.4572
-36.4218 27.855 -4.44569
-36.3711 27.8864 -4.45404
-35.8506 26.1398 -4.439
-35.8078 26.1388 -4.43648
-35.7659 26.1427 -4.43486
-35.724 26.1468 -4.4333
-35.6848 26.1642 -4.43423
-35.6448 26.1778 -4.43447
-35.6048 26.1912 -4.43468
-35.562 26.1902 -4.43222
-35.5219 26.2038 -4.43249
-35.4845 26.2316 -4.43542
-35.4463 26.2553 -4.43757
-35.408 26.2788 -4.43969
-35.18 26.4476 -4.43425
-36.6405 26.4702 -4.43881
-36.6873 26.5158 -4.42943
-35.1413 26.507 -4.4285
-36.6866 26.553 -4.42852
-35.1026 26.5663 -4.42279
-36.7122 26.5947 -4.42293
-35.1025 26.6219 -4.42205
-35.0483 26.7763 -4.43784
-35.0238 26.8339 -4.43357
-35.0167 26.8899 -4.43157
-35.0165 26.9452 -4.43048
-35.0095 27.0012 -4.42851
-35.0087 27.0565 -4.42736
-35.0151 27.1113 -4.42716
-35.0216 27.1661 -4.42697
-35.043 27.2198 -4.42875
-35.0534 27.2714 -4.4268
-35.0629 27.3289 -4.42932
-35.0833 27.3828 -4.43098
-35.122 27.4354 -4.43502
-35.1571 27.4884 -4.43862
-35.0803 27.4971 -4.43512
-35.2054 27.5576 -4.42485
-35.157 27.5438 -4.43765
-36.7951 27.5799 -4.43466
-36.7419 27.5792 -4.43303
-36.7951 27.58 -4.43464
-35.1702 27.5814 -4.42644
-35.118 27.5806 -4.4248
-35.2588 27.6096 -4.43121
-35.312 27.6619 -4.43756
-36.5657 27.7238 -4.42283
-36.565 27.7607 -4.42229
-36.5298 27.7935 -4.42787
-36.4854 27.8391 -4.43888
-36.4725 27.8238 -4.43737
-36.4247 27.8756 -4.43147
-36.3642 27.9122 -4.4241
-36.3118 27.9114 -4.42218
-36.7378 26.6363 -4.41737
-36.7633 26.6778 -4.41184
-35.072 26.6802 -4.4174
-36.7865 26.7188 -4.40672
-35.0507 26.7376 -4.41395
-36.8 26.7581 -4.40335
-36.7993 26.7951 -4.40251
-35.0261 26.7952 -4.4101
-35.0189 26.8512 -4.40851
-35.0188 26.9066 -4.40783
-35.0117 26.9625 -4.40627
-35.0109 27.0179 -4.40552
-35.0173 27.0727 -4.40573
-35.0237 27.1275 -4.40594
-35.0451 27.1812 -4.4081
-35.0449 27.2365 -4.40749
-35.0649 27.2903 -4.40947
-35.0853 27.3442 -4.41153
-35.1239 27.3968 -4.41595
-35.084 27.4017 -4.40943
-35.159 27.4498 -4.41993
-35.1589 27.5052 -4.41937
-36.696 27.5556 -4.40326
-36.6953 27.5924 -4.40267
-36.6718 27.6262 -4.40612
-36.6358 27.6586 -4.41181
-35.211 27.6464 -4.41884
-36.6008 27.6911 -4.41732
-36.6615 27.7009 -4.41371
-35.2515 27.7119 -4.41113
-35.2953 27.758 -4.40625
-36.5949 27.7622 -4.40314
-35.339 27.8041 -4.40138
-36.2516 27.9471 -4.41493
-36.1951 27.9665 -4.41011
-36.1387 27.9857 -4.40531
-36.0829 28.0022 -4.40093
-36.8127 26.8343 -4.39918
-36.8262 26.8734 -4.39585
-36.8381 26.9122 -4.39281
-36.8421 26.9498 -4.39121
-36.8414 26.9865 -4.39043
-36.8451 27.024 -4.38888
-36.8489 27.0614 -4.38731
-36.8492 27.0983 -4.38639
-36.8441 27.1343 -4.38644
-36.8391 27.1704 -4.38648
-36.8384 27.2071 -4.38577
-36.8333 27.2431 -4.38584
-36.8283 27.2791 -4.38593
-36.8103 27.3134 -4.38833
-36.7963 27.3482 -4.39001
-36.7956 27.3849 -4.38936
-36.7818 27.4197 -4.39104
-36.768 27.4546 -4.39273
-36.743 27.4881 -4.3964
-35.1206 27.4939 -4.39757
-36.7195 27.5218 -4.39984
-35.2105 27.5782 -4.38822
-35.1583 27.5774 -4.38696
-35.2513 27.6431 -4.38031
-36.526 27.8349 -4.39094
-35.4351 27.8477 -4.39868
-35.3832 27.8469 -4.39698
-36.4652 27.8715 -4.38397
-35.4814 27.8789 -4.396
-35.5275 27.9102 -4.39329
-35.574 27.9394 -4.39091
-35.6225 27.9579 -4.39009
-35.7228 27.9774 -4.39101
-35.6709 27.9766 -4.38924
-35.7712 27.9959 -4.39023
-36.0296 28.0075 -4.39819
-35.9776 28.0067 -4.39635
-35.9243 28.012 -4.39365
-35.8727 28.0093 -4.39209
-35.8219 28.0028 -4.39113
-35.9854 26.0852 -4.37792
-36.7545 26.6935 -4.37845
-35.2918 27.7086 -4.3723
-35.3356 27.7547 -4.36708
-35.3793 27.8008 -4.36188
-36.4046 27.9081 -4.37704
-36.3522 27.9073 -4.37551
-36.2921 27.9431 -4.3687
-36.2355 27.9624 -4.36429
-36.5575 26.2544 -4.34453
-36.6776 26.5497 -4.34996
-34.9046 27.0995 -4.34958
-34.9484 27.1005 -4.35181
-36.6883 27.6933 -4.34319
-35.4754 27.8443 -4.35847
-35.4235 27.8435 -4.35716
-35.5217 27.8754 -4.35545
-35.5678 27.9067 -4.3524
-35.6143 27.9359 -4.34967
-35.6628 27.9543 -4.34849
-35.7631 27.9738 -4.34866
-35.7112 27.973 -4.34728
-36.1791 27.9817 -4.35991
-36.1233 27.9983 -4.35593
-35.8623 27.999 -4.34805
-35.8115 27.9922 -4.34753
-36.07 28.0036 -4.35359
-36.0179 28.0028 -4.35213
-35.9647 28.0081 -4.34981
-35.9131 28.0056 -4.34864
-36.28 26.1785 -4.32656
-36.6113 26.4504 -4.32955
-34.9622 26.9151 -4.32113
-35.9716 28.0308 -4.33821
-36.4133 26.2412 -4.30274
-36.4999 26.3421 -4.30505
-36.5555 26.3963 -4.31729
-35.1936 26.3902 -4.31565
-36.839 26.8156 -4.31711
-34.9885 26.81 -4.30459
-36.8586 26.959 -4.30284
-35.0066 27.2696 -4.31516
-35.0379 27.3429 -4.31242
-36.7761 27.5093 -4.31797
-35.1463 27.5727 -4.31063
-36.0919 28.0059 -4.31845
-36.1183 26.025 -4.2952
-35.9955 26.0226 -4.28505
-35.4224 26.2388 -4.28378
-36.3529 26.2644 -4.28371
-36.4819 26.2917 -4.28996
-36.4467 26.2978 -4.2946
-36.4032 26.2968 -4.29197
-36.4812 26.3293 -4.28903
-35.0157 26.7125 -4.28941
-36.862 27.0775 -4.29167
-36.8401 27.1581 -4.28522
-36.8399 27.1579 -4.28524
-36.8635 27.2425 -4.28413
-36.8753 27.3133 -4.29071
-35.0319 27.3056 -4.28502
-35.0831 27.4343 -4.29704
-36.2898 27.9151 -4.2867
-35.379 27.9396 -4.28559
-36.2891 27.9524 -4.28625
-36.2151 27.9819 -4.29767
-36.219 28.0408 -4.29262
-35.9101 26.0468 -4.27951
-35.825 26.0711 -4.27403
-35.8032 26.0827 -4.27753
-35.746 26.0996 -4.2693
-35.5879 26.1505 -4.26286
-36.2074 26.1894 -4.263
-36.2542 26.2071 -4.2686
-36.3012 26.225 -4.2742
-36.5593 26.3811 -4.27469
-36.6015 26.4262 -4.26649
-35.1551 26.5187 -4.26342
-35.1207 26.5683 -4.27011
-35.0776 26.5673 -4.26785
-35.0471 26.642 -4.27901
-34.9691 26.9928 -4.26075
-36.8862 27.0501 -4.26254
-34.9753 27.0853 -4.26693
-36.8516 27.172 -4.27761
-34.9822 27.1787 -4.27324
-36.818 27.2381 -4.27884
-36.8376 27.3791 -4.26485
-36.8551 27.3868 -4.26351
-36.8044 27.4417 -4.26063
-36.4245 27.8559 -4.2651
-36.3738 27.8873 -4.27308
-36.2206 27.947 -4.27836
-36.2205 28.004 -4.27792
-35.5054 28.0046 -4.27328
-35.6029 28.0308 -4.26596
-35.8061 26.0457 -4.24854
-35.6062 26.0833 -4.25698
-35.7889 26.1049 -4.24366
-35.6849 26.1314 -4.25387
-35.5515 26.1292 -4.25528
-36.0713 26.1543 -4.24961
-36.0272 26.1482 -4.24618
-35.9832 26.142 -4.24275
-36.1607 26.1718 -4.25747
-36.1176 26.1708 -4.25493
-35.5398 26.1672 -4.24406
-35.497 26.1751 -4.2536
-35.4423 26.2208 -4.25191
-35.3475 26.2367 -4.2452
-35.3033 26.29 -4.24483
-35.339 26.3473 -4.24363
-35.2962 26.3463 -4.24132
-35.2588 26.3431 -4.24443
-35.2597 26.3815 -4.24543
-35.2236 26.41 -4.2474
-35.1544 26.4375 -4.24172
-36.6432 26.4711 -4.25834
-35.1894 26.469 -4.25672
-36.69 26.5167 -4.24938
-35.1231 26.5005 -4.24302
-36.6893 26.5539 -4.24851
-35.097 26.5675 -4.24499
-36.7149 26.5956 -4.24317
-35.0436 26.6137 -4.24351
-35.0267 26.6877 -4.24668
-35.0099 26.762 -4.24986
-36.8124 26.8007 -4.2418
-34.9932 26.8363 -4.25307
-36.8461 26.846 -4.24415
-36.8796 26.8916 -4.24656
-34.9753 26.91 -4.25616
-36.8613 26.9946 -4.25851
-36.9502 27.1378 -4.25156
-36.9051 27.1368 -4.24884
-36.7692 27.5016 -4.25677
-36.7277 27.5519 -4.25411
-36.6862 27.6022 -4.25148
-36.6745 27.6956 -4.24343
-36.6264 27.7359 -4.24207
-36.5684 27.7247 -4.24321
-36.5732 27.7691 -4.24166
-36.5325 27.7944 -4.24803
-36.4752 27.8247 -4.25714
-35.7882 27.9503 -4.24193
-36.0224 28.074 -4.24088
-35.7117 28.073 -4.25661
-35.9526 28.0844 -4.24344
-35.8782 28.0885 -4.24681
-35.7951 28.0809 -4.25168
-36.0866 26.117 -4.22334
-36.0197 26.1065 -4.2271
-35.9486 26.1002 -4.2316
-35.8701 26.1012 -4.23737
-36.149 26.132 -4.22035
-35.9392 26.136 -4.23935
-35.8969 26.138 -4.23741
-35.8549 26.1418 -4.23582
-35.8121 26.1409 -4.23336
-35.7702 26.1447 -4.23178
-35.7284 26.1488 -4.23025
-35.6891 26.1662 -4.23112
-35.6491 26.1798 -4.23131
-35.6091 26.1932 -4.23147
-35.5663 26.1922 -4.22909
-35.5263 26.2058 -4.22931
-35.4889 26.2336 -4.23208
-35.4058 26.2374 -4.22647
-35.4506 26.2573 -4.2341
-35.4123 26.2808 -4.23611
-35.3754 26.3123 -4.23955
-36.6827 26.533 -4.22328
-36.7287 26.5645 -4.2233
-36.7677 26.6038 -4.22461
-36.7405 26.6372 -4.23786
-36.7667 26.6786 -4.23252
-36.8155 26.7152 -4.23275
-36.7892 26.7197 -4.22769
-36.8027 26.759 -4.22446
-36.802 26.7959 -4.22366
-36.8154 26.8351 -4.22049
-34.9869 27.133 -4.23123
-34.9341 27.1321 -4.2297
-36.7222 27.5227 -4.22119
-36.6987 27.5565 -4.22447
-36.7568 27.5838 -4.23413
-36.7036 27.583 -4.2322
-36.698 27.5932 -4.22391
-36.6745 27.6271 -4.22721
-36.6385 27.6594 -4.23265
-36.6035 27.692 -4.23794
-36.5293 27.8152 -4.23949
-36.4978 27.8793 -4.23514
-36.4433 27.9104 -4.23496
-35.7898 27.9135 -4.2266
-35.6039 27.9043 -4.22034
-36.3874 27.9395 -4.23504
-36.327 27.9624 -4.23592
-36.2666 27.9852 -4.23682
-36.2209 28.0288 -4.23511
-36.1543 28.0432 -4.2371
-36.0876 28.0575 -4.23912
-35.5426 26.1303 -4.2157
-36.2013 26.1574 -4.21915
-36.2648 26.1709 -4.21597
-36.3086 26.2051 -4.21632
-36.3662 26.2247 -4.21418
-36.4235 26.2445 -4.21212
-36.4637 26.2822 -4.21309
-36.5134 26.3098 -4.21237
-35.3046 26.3039 -4.2129
-36.543 26.359 -4.2153
-35.3045 26.3599 -4.21174
-36.5946 26.3846 -4.21426
-35.2426 26.422 -4.20302
-36.6175 26.441 -4.21843
-36.6638 26.4721 -4.21836
-36.8291 26.8743 -4.21727
-36.8408 26.9131 -4.21439
-36.8447 26.9506 -4.21286
-36.844 26.9874 -4.21212
-36.8478 27.0249 -4.21065
-36.8516 27.0623 -4.20915
-36.8519 27.0991 -4.20828
-36.8468 27.1352 -4.20834
-36.8418 27.1712 -4.20836
-36.8411 27.2079 -4.20769
-36.836 27.244 -4.20777
-35.0158 27.2738 -4.21367
-36.8309 27.28 -4.20787
-36.8129 27.3142 -4.21016
-36.799 27.3491 -4.21177
-36.894 27.3823 -4.21293
-36.7983 27.3857 -4.21115
-36.7845 27.4206 -4.21276
-36.7707 27.4555 -4.21438
-36.7457 27.489 -4.2179
-36.6233 27.7046 -4.21334
-36.5567 27.7659 -4.20285
-35.4736 27.8557 -4.20536
-35.6055 27.8676 -4.20468
-35.9882 26.0861 -4.19248
-35.4086 26.2006 -4.19862
-35.3073 26.2671 -4.18555
-35.3071 26.3231 -4.1848
-35.1769 26.4842 -4.19386
-35.1382 26.5436 -4.18801
-35.0996 26.6029 -4.18218
-35.0995 26.6585 -4.18108
-35.0254 27.1299 -4.19443
-34.9726 27.1291 -4.19328
-35.0461 27.4042 -4.1975
-35.0826 27.4965 -4.18657
-36.7956 27.5794 -4.18424
-36.7425 27.5786 -4.1827
-35.2565 27.6461 -4.18243
-35.3097 27.6984 -4.18803
-35.3971 27.7121 -4.18079
-35.3954 27.7488 -4.19758
-35.397 27.7678 -4.18032
-35.4753 27.819 -4.18936
-35.3953 27.8045 -4.1967
-36.4878 27.8385 -4.1908
-36.427 27.8751 -4.18376
-35.2452 26.3851 -4.17654
-35.1795 26.4474 -4.16784
-35.1407 26.5068 -4.16242
-36.7589 26.6956 -4.17018
-35.069 26.7168 -4.17628
-35.0477 26.7742 -4.17261
-35.0232 26.8317 -4.16855
-35.0161 26.8877 -4.16665
-35.016 26.9431 -4.1656
-35.009 26.999 -4.16372
-35.0082 27.0544 -4.16261
-35.0146 27.1092 -4.16239
-35.0211 27.164 -4.16219
-35.0425 27.2176 -4.16382
-35.0539 27.2707 -4.1762
-35.0624 27.3268 -4.16432
-35.0828 27.3807 -4.16586
-35.0845 27.4011 -4.16023
-35.1215 27.4333 -4.16964
-35.1566 27.4862 -4.17299
-35.1565 27.5417 -4.17206
-35.2031 27.5941 -4.17683
-35.1726 27.5808 -4.1784
-35.1204 27.58 -4.17682
-35.2582 27.6094 -4.1649
-35.2133 27.6458 -4.17122
-35.3114 27.6617 -4.17088
-36.662 27.7003 -4.16442
-35.2538 27.7113 -4.16395
-36.3665 27.9116 -4.17675
-36.3141 27.9108 -4.17491
-36.2539 27.9466 -4.16803
-36.1973 27.9662 -4.1634
-36.2827 26.1794 -4.14345
-36.682 26.5518 -4.14289
-35.102 26.5661 -4.15703
-35.1019 26.6217 -4.15634
-35.0714 26.6799 -4.15194
-35.0714 26.68 -4.15196
-35.0501 26.7374 -4.14871
-35.0255 26.795 -4.14507
-35.0184 26.851 -4.14359
-35.0182 26.9064 -4.14294
-35.0112 26.9623 -4.14147
-35.0103 27.0177 -4.14076
-35.0167 27.0725 -4.14095
-34.9529 27.1025 -4.14316
-34.9091 27.1015 -4.141
-35.0231 27.1273 -4.14115
-35.0445 27.181 -4.14317
-35.0444 27.2363 -4.1426
-35.0643 27.2901 -4.14446
-35.0847 27.344 -4.1464
-35.1234 27.3966 -4.15056
-35.1584 27.4496 -4.15429
-35.1211 27.4933 -4.14902
-35.1583 27.505 -4.15377
-35.2049 27.5574 -4.15892
-35.211 27.5776 -4.14017
-35.2976 27.7577 -4.15931
-36.5954 27.7616 -4.1544
-35.3413 27.8035 -4.15476
-36.5265 27.8342 -4.14285
-35.4375 27.8471 -4.15225
-35.3855 27.8463 -4.15062
-35.4837 27.8783 -4.14974
-35.5298 27.9096 -4.1472
-35.5763 27.9388 -4.14497
-35.6248 27.9573 -4.14422
-35.7251 27.9768 -4.14514
-35.6732 27.976 -4.14344
-36.141 27.9851 -4.15887
-35.7735 27.9953 -4.14442
-36.0853 28.0016 -4.15469
-36.0319 28.0069 -4.15208
-35.9799 28.0061 -4.15031
-35.9266 28.0114 -4.14773
-35.875 28.0091 -4.14619
-35.8242 28.0022 -4.1453
-35.9744 28.0317 -4.15482
-36.416 26.2421 -4.12074
-36.6157 26.4525 -4.12332
-35.1588 27.5768 -4.13897
-35.2518 27.6425 -4.13268
-35.2923 27.708 -4.12511
-35.336 27.7544 -4.12013
-36.4658 27.8708 -4.13625
-36.4052 27.9074 -4.12969
-36.3528 27.9067 -4.12823
-36.2926 27.9425 -4.12179
-36.0947 28.0068 -4.13594
-36.4847 26.2926 -4.10853
-36.484 26.3302 -4.10765
-36.5599 26.3983 -4.11156
-34.9667 26.9172 -4.11386
-35.3798 27.7999 -4.11527
-35.3798 27.8001 -4.11525
-35.4759 27.8436 -4.11203
-35.424 27.8429 -4.11079
-35.5222 27.8748 -4.10918
-36.2925 27.916 -4.10562
-35.5683 27.9061 -4.1063
-35.6148 27.9353 -4.10372
-36.2918 27.9533 -4.1052
-35.6633 27.9537 -4.10261
-36.236 27.9621 -4.11757
-35.7636 27.9732 -4.10278
-35.7117 27.9724 -4.10147
-36.2172 27.9825 -4.11668
-36.1796 27.9811 -4.11346
-36.1238 27.9977 -4.10968
-35.8628 27.9984 -4.10222
-35.812 27.9916 -4.10171
-36.0705 28.003 -4.10747
-36.0184 28.0022 -4.10608
-35.9652 28.0075 -4.10389
-35.9135 28.0052 -4.10273
-36.4511 26.2999 -4.08979
-36.4076 26.2989 -4.08724
-36.5043 26.3441 -4.09983
-36.562 26.382 -4.09397
-36.6042 26.4271 -4.08614
-35.0201 26.7145 -4.0836
-34.9929 26.812 -4.09807
-36.4272 27.8568 -4.08499
-36.3766 27.8882 -4.09261
-36.2586 26.2091 -4.06478
-36.3055 26.227 -4.07018
-36.3572 26.2664 -4.0793
-36.646 26.472 -4.07838
-36.6927 26.5176 -4.06981
-36.692 26.5548 -4.06899
-35.125 26.5703 -4.06525
-35.082 26.5693 -4.06306
-36.7176 26.5965 -4.0639
-35.0515 26.6441 -4.07369
-36.6919 27.6966 -4.07196
-36.5711 27.7256 -4.06407
-36.5704 27.7625 -4.06359
-36.5352 27.7953 -4.06869
-36.4779 27.8256 -4.07738
-36.0756 26.1563 -4.04648
-36.0316 26.1502 -4.04317
-36.1651 26.1738 -4.05407
-36.122 26.1728 -4.05161
-36.2118 26.1914 -4.0594
-35.3433 26.3493 -4.04014
-35.264 26.3835 -4.04178
-35.197 26.3937 -4.04397
-35.2274 26.4186 -4.04567
-35.1938 26.471 -4.05252
-35.1595 26.5207 -4.05889
-36.7432 26.6381 -4.05884
-36.7687 26.6796 -4.0538
-36.7919 26.7206 -4.04914
-36.8054 26.7599 -4.04605
-36.8047 26.7968 -4.04531
-36.8183 26.836 -4.04225
-36.9548 27.1399 -4.04016
-36.7796 27.5126 -4.04821
-36.7249 27.5236 -4.04303
-36.7014 27.5573 -4.04617
-36.7007 27.5941 -4.04564
-36.6772 27.628 -4.0488
-36.6412 27.6603 -4.054
-36.6062 27.6929 -4.05904
-35.9435 26.138 -4.03657
-35.9875 26.144 -4.03984
-35.9012 26.14 -4.03468
-35.8593 26.1438 -4.03311
-35.8164 26.1429 -4.03073
-35.7745 26.1467 -4.02919
-35.7327 26.1508 -4.02769
-35.6935 26.1682 -4.02848
-35.6535 26.1818 -4.02862
-35.6134 26.1952 -4.02875
-35.5706 26.1942 -4.02644
-35.5306 26.2078 -4.02661
-35.4932 26.2356 -4.02922
-35.455 26.2593 -4.03113
-35.4166 26.2828 -4.03301
-35.3797 26.3143 -4.03627
-35.3005 26.3483 -4.03788
-36.8318 26.8752 -4.03922
-36.8435 26.914 -4.03647
-36.8474 26.9515 -4.03501
-36.8467 26.9883 -4.03431
-36.8504 27.0257 -4.0329
-36.8542 27.0632 -4.03148
-36.8546 27.1 -4.03066
-36.9096 27.1389 -4.03752
-36.8495 27.1361 -4.03071
-36.8445 27.1721 -4.03074
-36.8438 27.2088 -4.0301
-36.8387 27.2448 -4.03019
-36.8336 27.2809 -4.03028
-36.8788 27.3165 -4.02256
-36.8156 27.3151 -4.03248
-36.8016 27.3499 -4.03402
-36.8009 27.3866 -4.03343
-36.7871 27.4215 -4.03497
-36.7734 27.4564 -4.03652
-36.7484 27.4899 -4.03988
-36.2185 27.9816 -4.02057
-35.9912 26.087 -4.00749
-35.8027 26.0805 -4.00661
-36.5575 26.2544 -4.00723
-35.4259 26.2421 -4.01409
-36.8429 26.8147 -4.01351
-36.8625 26.958 -4.00022
-36.8551 27.1752 -4.01013
-36.8671 27.2457 -4.01631
-36.8574 27.3862 -4.01198
-36.22 27.9468 -4.00545
-36.22 27.9468 -4.00544
-36.2199 28.0038 -4.00504
-36.2184 28.0386 -4.01975
-35.6884 26.1347 -3.98614
-35.5912 26.154 -3.99455
-36.8831 26.8948 -3.9808
-36.8648 26.9979 -3.99207
-36.8897 27.0533 -3.99593
-36.8659 27.0766 -3.98979
-34.9892 27.1324 -3.98058
-36.8439 27.1571 -3.98376
-36.7591 27.5832 -3.98421
-36.706 27.5824 -3.98236
-35.3829 27.9386 -3.98263
-36.1186 26.0253 -3.96162
-35.8055 26.0455 -3.97761
-36.0232 26.1097 -3.96123
-35.9521 26.1035 -3.96541
-35.8737 26.1044 -3.97077
-35.7924 26.1081 -3.9766
-35.5392 26.165 -3.97518
-36.2855 26.1803 -3.96084
-36.7735 26.6862 -3.96517
-36.819 26.7184 -3.96766
-36.8159 26.8039 -3.97622
-36.8496 26.8493 -3.97847
-34.9365 27.1315 -3.9791
-36.8219 27.2372 -3.97778
-35.0182 27.2732 -3.96402
-36.8415 27.3781 -3.96475
-36.8945 27.3816 -3.96138
-35.0831 27.4343 -3.96328
-36.8082 27.4408 -3.96077
-35.1463 27.5727 -3.97585
-36.6256 27.704 -3.96453
-35.7873 27.9481 -3.97222
-35.5093 28.0037 -3.97126
-35.9771 28.0326 -3.97189
-35.6068 28.0298 -3.96454
-35.9955 26.0226 -3.95218
-35.9101 26.0468 -3.94706
-35.825 26.0711 -3.94198
-36.1525 26.1352 -3.95503
-36.09 26.1203 -3.95778
-35.542 26.1301 -3.94681
-36.2683 26.1742 -3.95106
-36.2047 26.1606 -3.95398
-36.312 26.2084 -3.95143
-36.3696 26.2279 -3.94949
-35.4053 26.2353 -3.95864
-36.4269 26.2477 -3.94761
-36.4672 26.2854 -3.94859
-36.5169 26.3131 -3.94798
-35.304 26.3017 -3.94589
-35.3039 26.3577 -3.94477
-36.5465 26.3622 -3.95077
-36.598 26.3878 -3.94986
-36.6209 26.4442 -3.95384
-36.6673 26.4753 -3.95383
-36.6861 26.5362 -3.95851
-36.7321 26.5678 -3.95859
-36.7712 26.607 -3.95988
-35.0259 27.1292 -3.94377
-34.9731 27.1284 -3.94267
-34.9822 27.1787 -3.94125
-35.0071 27.268 -3.95656
-35.0319 27.3056 -3.95215
-35.0385 27.3413 -3.95403
-35.0484 27.4036 -3.94879
-36.7731 27.5006 -3.95714
-36.7316 27.551 -3.95461
-36.6901 27.6012 -3.95212
-36.6784 27.6946 -3.9446
-36.6302 27.7349 -3.94328
-36.582 27.7751 -3.94195
-36.559 27.7653 -3.95461
-36.5331 27.8143 -3.94078
-36.4901 27.8379 -3.9432
-35.7888 27.9134 -3.95688
-35.6033 27.9021 -3.95204
-36.0974 28.0077 -3.95392
-36.0913 28.0564 -3.94003
-36.0263 28.073 -3.94157
-35.7989 28.0799 -3.95143
-35.7155 28.0721 -3.95593
-35.9565 28.0834 -3.94388
-35.882 28.0876 -3.94694
-35.799 28.08 -3.95139
-35.746 26.0996 -3.93761
-35.6062 26.0833 -3.9262
-35.5515 26.1292 -3.92463
-35.497 26.1751 -3.92307
-35.408 26.2003 -3.93079
-35.4423 26.2208 -3.92151
-36.4188 26.243 -3.9392
-36.4874 26.2935 -3.92758
-36.4867 26.3311 -3.92674
-35.2421 26.4198 -3.93656
-35.1763 26.482 -3.92794
-36.6864 26.5538 -3.93628
-35.1376 26.5415 -3.92242
-34.9932 26.8363 -3.92258
-34.9753 26.91 -3.92544
-34.9691 26.9928 -3.92969
-34.9753 27.0853 -3.93541
-34.9573 27.1046 -3.93499
-34.9135 27.1036 -3.93288
-35.0548 27.27 -3.92697
-35.0849 27.4959 -3.93849
-36.7961 27.5787 -3.93431
-36.743 27.5779 -3.93285
-35.1227 27.5794 -3.92932
-35.1749 27.5803 -3.93083
-35.2157 27.6452 -3.92408
-35.3091 27.6962 -3.92184
-35.3949 27.7466 -3.93078
-35.4747 27.8188 -3.922
-35.3948 27.8024 -3.92992
-35.4731 27.8536 -3.93801
-36.5016 27.8783 -3.93669
-36.4294 27.8745 -3.93652
-35.6049 27.8674 -3.93638
-36.4471 27.9094 -3.93647
-36.3688 27.9113 -3.92985
-36.3164 27.9105 -3.92809
-36.2952 27.9169 -3.92502
-36.3913 27.9385 -3.93648
-36.2945 27.9542 -3.92462
-36.2562 27.9463 -3.92156
-36.3308 27.9614 -3.93724
-36.2704 27.9842 -3.93802
-36.22 27.9834 -3.93556
-36.2247 28.0278 -3.93638
-36.1581 28.0422 -3.93817
-36.0914 28.0566 -3.93998
-35.3475 26.2367 -3.9153
-35.3067 26.2668 -3.91854
-35.3033 26.29 -3.91496
-35.3065 26.3228 -3.91782
-35.2588 26.3431 -3.91459
-36.5647 26.3829 -3.91372
-35.2447 26.3849 -3.91007
-36.5642 26.4002 -3.90627
-35.2241 26.4034 -3.91537
-36.6069 26.428 -3.90626
-35.1544 26.4375 -3.91208
-36.6201 26.4545 -3.91757
-35.1789 26.4472 -3.90191
-35.1231 26.5005 -3.91329
-35.097 26.5675 -3.91511
-35.099 26.6007 -3.91693
-35.0436 26.6137 -3.91374
-35.0989 26.6563 -3.91586
-35.0267 26.6877 -3.91667
-35.0685 26.7146 -3.91133
-35.0471 26.772 -3.90786
-35.0099 26.762 -3.91962
-35.0226 26.8296 -3.90403
-35.0155 26.8856 -3.90221
-34.9711 26.9192 -3.90705
-35.0154 26.941 -3.9012
-35.0822 27.3785 -3.90122
-35.0851 27.4004 -3.91151
-35.1209 27.4311 -3.90473
-35.156 27.4841 -3.90785
-35.1216 27.4926 -3.90093
-35.1559 27.5395 -3.90695
-35.2025 27.5919 -3.9114
-35.2559 27.644 -3.91662
-35.3108 27.6615 -3.90468
-36.6626 27.6996 -3.9156
-35.3965 27.7119 -3.91398
-35.2561 27.7107 -3.91725
-35.2999 27.7569 -3.91293
-36.5959 27.7609 -3.90615
-35.3964 27.7676 -3.91353
-35.3436 27.8032 -3.90858
-36.4299 27.8577 -3.90535
-35.4398 27.8465 -3.90631
-35.3878 27.8457 -3.90475
-35.486 27.8777 -3.90397
-36.3793 27.8891 -3.91263
-35.5321 27.909 -3.90159
-36.1997 27.9656 -3.9172
-36.1433 27.9845 -3.91291
-36.0876 28.001 -3.90894
-36.0342 28.0063 -3.90644
-35.9822 28.0055 -3.90475
-35.9289 28.0108 -3.90229
-35.8773 28.0085 -3.90082
-36.4554 26.3019 -3.88546
-36.4119 26.3009 -3.88298
-36.5087 26.3462 -3.89506
-36.6487 26.4728 -3.89887
-36.6954 26.5184 -3.89073
-35.1401 26.5066 -3.89682
-36.6947 26.5557 -3.88995
-35.1015 26.5659 -3.89177
-36.7203 26.5974 -3.88511
-36.7459 26.639 -3.88028
-35.1013 26.6215 -3.89111
-35.0708 26.6798 -3.887
-35.0495 26.7372 -3.88395
-35.0249 26.7948 -3.88054
-34.9973 26.814 -3.89203
-35.0084 26.9969 -3.8994
-35.0076 27.0523 -3.89834
-35.014 27.1071 -3.89811
-35.0205 27.1619 -3.89789
-35.0419 27.2155 -3.89939
-35.0418 27.2708 -3.89845
-35.0618 27.3247 -3.8998
-35.0841 27.3438 -3.88175
-35.1228 27.3964 -3.88564
-35.1579 27.4494 -3.88915
-35.1577 27.5048 -3.88865
-35.2043 27.5572 -3.89348
-35.2116 27.577 -3.89259
-35.1594 27.5762 -3.89146
-35.2577 27.6092 -3.89908
-35.2523 27.6418 -3.88553
-36.6088 27.6938 -3.88061
-36.5738 27.7265 -3.88541
-36.5731 27.7633 -3.88495
-36.5379 27.7961 -3.88983
-36.527 27.8336 -3.89524
-36.4806 27.8264 -3.8981
-36.4663 27.8702 -3.88902
-36.4056 27.9071 -3.88278
-36.3532 27.9063 -3.8814
-35.5786 27.9383 -3.89951
-35.6271 27.9567 -3.89883
-35.7274 27.9763 -3.89974
-35.6755 27.9754 -3.89811
-35.7758 27.9947 -3.89909
-35.8266 28.0016 -3.89994
-36.2629 26.2112 -3.86142
-36.3099 26.229 -3.86662
-36.3616 26.2685 -3.87537
-35.1294 26.5724 -3.86085
-35.0559 26.6461 -3.86882
-36.7714 26.6805 -3.87549
-35.0245 26.7166 -3.87825
-36.7946 26.7215 -3.87105
-36.8081 26.7608 -3.86813
-36.8074 26.7977 -3.86741
-36.821 26.8369 -3.8645
-35.0178 26.8508 -3.87914
-36.8345 26.876 -3.86162
-35.0176 26.9062 -3.87853
-35.0106 26.9621 -3.87714
-35.0097 27.0175 -3.87648
-35.0161 27.0723 -3.87666
-35.0226 27.1271 -3.87684
-35.0439 27.1808 -3.87873
-35.0438 27.2361 -3.87819
-35.0637 27.2899 -3.87994
-36.751 27.4907 -3.86233
-36.7275 27.5244 -3.86534
-36.704 27.5582 -3.86833
-36.7033 27.595 -3.86783
-36.6798 27.6288 -3.87085
-36.6439 27.6612 -3.8758
-35.2928 27.7073 -3.87839
-35.3366 27.7535 -3.87374
-35.3802 27.7998 -3.86907
-35.4764 27.843 -3.86609
-35.4245 27.8422 -3.8649
-35.5227 27.8742 -3.86339
-35.5688 27.9055 -3.86067
-36.293 27.9421 -3.87531
-36.2365 27.9615 -3.87137
-36.1801 27.9805 -3.86748
-36.1244 27.997 -3.86392
-36.071 28.0023 -3.86182
-36.019 28.0016 -3.86051
-36.0799 26.1583 -3.84382
-36.0359 26.1522 -3.84062
-36.1694 26.1758 -3.85113
-36.1263 26.1749 -3.84874
-36.2161 26.1934 -3.85626
-35.2318 26.4208 -3.84231
-35.1981 26.4731 -3.84878
-35.1638 26.5227 -3.85482
-35.0863 26.5714 -3.85871
-36.8462 26.9149 -3.859
-36.8501 26.9524 -3.85763
-36.8494 26.9891 -3.85696
-36.8531 27.0266 -3.85563
-36.8569 27.064 -3.85428
-36.8572 27.1009 -3.85349
-36.8521 27.1369 -3.85355
-36.8471 27.173 -3.85358
-36.8465 27.2097 -3.85298
-36.8414 27.2457 -3.85306
-36.8363 27.2818 -3.85316
-36.8183 27.316 -3.85526
-36.8043 27.3508 -3.85673
-36.8036 27.3875 -3.85617
-36.7898 27.4224 -3.85764
-36.776 27.4573 -3.85913
-35.6153 27.9346 -3.85824
-35.6638 27.953 -3.85721
-35.7641 27.9725 -3.85738
-35.7122 27.9718 -3.85613
-35.8633 27.9978 -3.85685
-35.8126 27.9909 -3.85637
-35.9657 28.0069 -3.85844
-35.914 28.0046 -3.85735
-35.9939 26.0879 -3.823
-35.9478 26.14 -3.83424
-35.9918 26.146 -3.83741
-35.9055 26.142 -3.8324
-35.8636 26.1458 -3.83087
-35.8207 26.1449 -3.82856
-35.7789 26.1487 -3.82706
-35.737 26.1528 -3.82558
-35.6978 26.1702 -3.82631
-35.6578 26.1838 -3.82641
-35.6177 26.1972 -3.8265
-35.575 26.1962 -3.82424
-35.5349 26.2098 -3.82438
-35.4976 26.2379 -3.82687
-35.4593 26.2613 -3.82862
-35.421 26.2848 -3.83038
-35.384 26.3163 -3.83345
-35.3477 26.3513 -3.8371
-35.3048 26.3503 -3.83492
-35.2684 26.3855 -3.8386
-36.9593 27.142 -3.82921
-36.9141 27.141 -3.82666
-36.6954 27.6999 -3.80119
-35.9799 28.0335 -3.78942
-36.2882 26.1812 -3.77867
-35.2005 26.397 -3.77271
-36.8598 27.3856 -3.7609
-36.7832 27.5159 -3.77891
-36.1001 28.0085 -3.77234
-36.4215 26.2439 -3.75811
-35.4295 26.2454 -3.74485
-36.4901 26.2943 -3.74708
-36.4894 26.332 -3.74628
-36.7678 26.6997 -3.75502
-36.8586 27.1785 -3.74311
-36.8706 27.249 -3.74897
-36.8823 27.3198 -3.75487
-36.2979 27.9178 -3.74486
-36.2972 27.955 -3.74449
-36.2179 27.9794 -3.74815
-36.2227 27.9843 -3.75489
-36.2178 28.0364 -3.74735
-35.8021 26.0783 -3.73615
-35.5948 26.1573 -3.72665
-36.5674 26.3837 -3.73392
-36.6096 26.4288 -3.72684
-36.6908 26.5558 -3.73013
-36.8683 27.0011 -3.72611
-36.8932 27.0566 -3.72977
-34.9617 27.1064 -3.72724
-34.9179 27.1054 -3.72519
-34.9916 27.1318 -3.73039
-34.9388 27.1309 -3.72897
-36.7615 27.5826 -3.73476
-36.7084 27.5818 -3.73299
-36.4326 27.8586 -3.72616
-36.382 27.89 -3.73308
-36.2194 27.9466 -3.73302
-36.2193 28.0036 -3.73264
-35.8049 26.0453 -3.70714
-35.8769 26.1079 -3.70465
-35.7959 26.1114 -3.71001
-35.6919 26.1379 -3.71886
-35.5387 26.1628 -3.70676
-36.5686 26.4022 -3.70147
-36.6245 26.4565 -3.71227
-36.6513 26.4737 -3.71982
-36.6981 26.5193 -3.71209
-36.6974 26.5565 -3.71135
-36.723 26.5982 -3.70675
-36.7486 26.6398 -3.70218
-36.8225 26.7217 -3.70301
-36.8468 26.8137 -3.71036
-36.8193 26.8071 -3.71107
-36.8531 26.8525 -3.71325
-36.8866 26.898 -3.71549
-34.9755 26.9213 -3.70071
-35.0205 27.2726 -3.71484
-36.895 27.381 -3.7103
-35.0508 27.403 -3.70053
-36.6115 27.6946 -3.70262
-36.628 27.7035 -3.71618
-36.5765 27.7273 -3.7072
-36.567 27.7645 -3.70679
-36.5406 27.797 -3.7114
-36.4833 27.8273 -3.71927
-35.7867 27.946 -3.70302
-36.0267 26.1129 -3.69584
-35.9556 26.1067 -3.69967
-36.156 26.1384 -3.69017
-36.0935 26.1235 -3.69267
-36.2718 26.1774 -3.68658
-36.2082 26.1638 -3.68925
-36.3155 26.2116 -3.68699
-36.3731 26.2311 -3.68525
-35.4047 26.2331 -3.69127
-36.4304 26.2509 -3.68355
-36.4698 26.2899 -3.68432
-36.5204 26.3163 -3.68403
-36.513 26.3482 -3.69075
-36.55 26.3654 -3.68671
-36.6017 26.3908 -3.6859
-36.6244 26.4474 -3.6897
-36.6707 26.4785 -3.68976
-36.6896 26.5394 -3.6942
-36.7356 26.571 -3.69434
-36.7746 26.6103 -3.6956
-36.7747 26.6815 -3.69797
-36.7972 26.7223 -3.69341
-36.8107 26.7616 -3.69064
-36.8101 26.7986 -3.68996
-35.0017 26.8161 -3.68644
-36.8236 26.8378 -3.68721
-36.8372 26.8769 -3.68446
-36.8489 26.9157 -3.68199
-36.8664 26.957 -3.69805
-36.8528 26.9532 -3.68068
-36.8521 26.99 -3.68006
-36.8698 27.0756 -3.68836
-35.0264 27.1286 -3.69356
-34.9737 27.1278 -3.69254
-36.8489 27.1532 -3.68183
-36.7925 27.4232 -3.68076
-36.7787 27.4581 -3.68218
-36.7537 27.4916 -3.68523
-35.0873 27.4953 -3.69088
-36.7302 27.5253 -3.68809
-36.7067 27.5591 -3.69094
-36.7967 27.5781 -3.68484
-36.7435 27.5773 -3.68346
-35.1772 27.5797 -3.68372
-35.125 27.5789 -3.68227
-36.706 27.5958 -3.69047
-36.6825 27.6297 -3.69334
-36.6465 27.6621 -3.69805
-36.4925 27.8373 -3.69605
-36.4317 27.8739 -3.68975
-35.6031 27.8999 -3.68424
-36.3711 27.9107 -3.68344
-36.3187 27.9099 -3.68176
-35.7882 27.9131 -3.68767
-35.3868 27.9376 -3.68011
-35.5414 26.1299 -3.67838
-35.4074 26.2001 -3.66342
-36.3142 26.231 -3.6635
-36.5575 26.2544 -3.67039
-36.3659 26.2705 -3.67187
-35.3035 26.2996 -3.67933
-36.4163 26.3029 -3.67916
-35.3033 26.3556 -3.67825
-35.2415 26.4177 -3.67056
-35.1758 26.4799 -3.66247
-35.0602 26.6481 -3.66441
-35.0289 26.7186 -3.67336
-36.8558 27.0275 -3.67879
-36.8596 27.0649 -3.67751
-36.8599 27.1018 -3.67677
-36.8548 27.1377 -3.67678
-36.8498 27.1739 -3.67688
-36.8491 27.2105 -3.6763
-36.8258 27.2362 -3.67717
-36.844 27.2466 -3.67638
-35.0553 27.2694 -3.67779
-36.8389 27.2826 -3.67648
-36.8209 27.3168 -3.67848
-36.807 27.3517 -3.67988
-36.8454 27.3772 -3.66508
-36.8063 27.3883 -3.67936
-35.0856 27.3998 -3.66324
-36.8121 27.4398 -3.66137
-35.218 27.6446 -3.6774
-36.6631 27.699 -3.66723
-35.2585 27.7101 -3.671
-35.3943 27.7445 -3.66443
-35.3023 27.7563 -3.66696
-35.3942 27.8002 -3.66359
-35.3459 27.8026 -3.6629
-35.4725 27.8514 -3.67113
-35.4421 27.8459 -3.66082
-35.6047 27.8671 -3.66856
-36.2585 27.9457 -3.6756
-36.202 27.965 -3.67147
-36.1456 27.9839 -3.66739
-36.0899 28.0005 -3.66363
-36.0365 28.0057 -3.66127
-35.5132 28.0027 -3.66969
-35.6106 28.0289 -3.66355
-36.1737 26.1778 -3.64863
-36.1306 26.1769 -3.64632
-36.0843 26.1603 -3.64158
-36.2204 26.1954 -3.65355
-36.2673 26.2132 -3.65852
-35.3061 26.2666 -3.65197
-35.306 26.3226 -3.65129
-35.2441 26.3847 -3.64406
-35.2025 26.4754 -3.64551
-35.1682 26.5247 -3.65118
-35.137 26.5393 -3.65729
-35.1338 26.5744 -3.6569
-35.0907 26.5734 -3.65483
-35.0984 26.5986 -3.65212
-35.0983 26.6542 -3.6511
-35.0679 26.7125 -3.64684
-35.0466 26.7699 -3.64356
-35.1203 27.429 -3.64028
-36.7769 27.4997 -3.65796
-35.1554 27.482 -3.64317
-35.1221 27.492 -3.6533
-35.1553 27.5374 -3.6423
-36.7354 27.55 -3.65557
-35.2121 27.5763 -3.64547
-35.1594 27.5755 -3.64432
-35.2019 27.5898 -3.64642
-36.6939 27.6003 -3.65321
-35.2554 27.6418 -3.65127
-36.6822 27.6936 -3.64623
-35.3086 27.694 -3.65612
-35.3959 27.7116 -3.64762
-36.6341 27.734 -3.64492
-36.5912 27.7672 -3.65109
-35.3958 27.7674 -3.6472
-36.537 27.8133 -3.6425
-35.4741 27.8186 -3.65511
-36.5275 27.833 -3.64809
-35.3902 27.8451 -3.65931
-36.4668 27.8696 -3.64223
-35.4883 27.8774 -3.6586
-35.5345 27.9085 -3.65643
-35.5809 27.9377 -3.6545
-35.6294 27.9561 -3.65388
-35.7297 27.9757 -3.65479
-35.6778 27.9749 -3.65323
-35.7782 27.9941 -3.6542
-35.9845 28.0049 -3.65965
-35.9312 28.0105 -3.65726
-35.8796 28.0079 -3.65589
-35.8289 28.001 -3.65504
-36.0953 28.0556 -3.64129
-36.0303 28.0724 -3.64265
-35.8028 28.079 -3.65157
-35.7194 28.0711 -3.65569
-35.9603 28.0824 -3.64476
-35.8859 28.0866 -3.64753
-36.1186 26.0253 -3.62845
-35.9967 26.0888 -3.63894
-36.0402 26.1542 -3.63851
-35.9961 26.148 -3.63541
-35.9521 26.142 -3.63236
-35.9098 26.144 -3.63056
-35.8679 26.1478 -3.62907
-35.825 26.1468 -3.62683
-35.7832 26.1507 -3.62535
-35.7413 26.1548 -3.62392
-35.7021 26.1722 -3.62456
-35.6621 26.1858 -3.62463
-35.6221 26.1994 -3.6247
-35.5793 26.1984 -3.62252
-35.5392 26.2118 -3.62259
-35.5019 26.2399 -3.62492
-35.4636 26.2633 -3.62654
-35.4253 26.2868 -3.62819
-35.3884 26.3183 -3.63107
-35.352 26.3533 -3.63451
-35.3092 26.3523 -3.6324
-35.2727 26.3875 -3.63586
-35.2362 26.4228 -3.63935
-35.1783 26.447 -3.63643
-35.1395 26.5064 -3.63169
-35.1009 26.5657 -3.62695
-35.1007 26.6213 -3.62634
-35.0703 26.6796 -3.6225
-35.0221 26.8275 -3.63994
-35.015 26.8835 -3.63823
-35.0149 26.9388 -3.63725
-35.0078 26.9948 -3.63555
-35.007 27.0501 -3.63452
-35.0134 27.1049 -3.63427
-35.0199 27.1597 -3.63404
-35.0413 27.2134 -3.63541
-35.0412 27.2687 -3.6345
-35.0612 27.3225 -3.63574
-35.0816 27.3764 -3.63703
-35.1222 27.3962 -3.62118
-35.0831 27.4343 -3.62998
-35.1573 27.4492 -3.62446
-35.1571 27.5046 -3.62399
-35.2037 27.557 -3.62849
-35.2571 27.609 -3.63372
-35.2528 27.6412 -3.63884
-35.3103 27.6612 -3.63895
-35.2933 27.7067 -3.63213
-35.3371 27.7528 -3.62776
-35.3808 27.7992 -3.62338
-35.4769 27.8424 -3.62058
-36.5054 27.8774 -3.63868
-36.451 27.9085 -3.63841
-36.4061 27.9065 -3.63636
-36.3537 27.9057 -3.63506
-36.3951 27.9376 -3.63837
-36.2935 27.9415 -3.62933
-36.3347 27.9605 -3.63901
-36.237 27.9609 -3.62562
-36.1806 27.9798 -3.62195
-36.2742 27.9833 -3.63967
-36.2286 28.0269 -3.63809
-36.162 28.0413 -3.63969
-35.9955 26.0226 -3.61977
-35.9101 26.0468 -3.61506
-35.825 26.0711 -3.61039
-35.746 26.0996 -3.60637
-35.0489 26.737 -3.61965
-35.0244 26.7946 -3.61645
-35.0172 26.8506 -3.61515
-35.0171 26.906 -3.61457
-35.01 26.9619 -3.61329
-35.0092 27.0173 -3.61265
-35.0155 27.0721 -3.61281
-34.9753 27.0853 -3.60435
-35.022 27.1269 -3.61298
-36.9638 27.1441 -3.61869
-36.9186 27.1431 -3.61623
-34.9822 27.1787 -3.60972
-35.0434 27.1806 -3.61474
-35.0432 27.2359 -3.61423
-35.0632 27.2897 -3.61587
-35.0319 27.3056 -3.61974
-35.0835 27.3436 -3.61755
-35.425 27.8416 -3.61945
-35.5231 27.8739 -3.61801
-35.5693 27.9048 -3.61551
-35.6158 27.934 -3.61322
-35.6643 27.9524 -3.61225
-35.8026 27.9711 -3.60601
-35.7646 27.9719 -3.61242
-35.7127 27.9711 -3.61124
-36.1249 27.9964 -3.6186
-35.8638 27.9972 -3.61193
-35.8131 27.9903 -3.61147
-36.0715 28.0017 -3.61663
-36.0195 28.001 -3.61539
-35.9661 28.0066 -3.6134
-35.9145 28.004 -3.61241
-35.8725 28.0103 -3.60804
-35.9826 28.0344 -3.6074
-35.6062 26.0833 -3.59588
-35.5515 26.1292 -3.59443
-35.497 26.1751 -3.59301
-36.291 26.1821 -3.59694
-35.4423 26.2208 -3.59156
-35.3475 26.2367 -3.58586
-35.3033 26.29 -3.58554
-35.2588 26.3431 -3.5852
-35.2241 26.4034 -3.58592
-35.1544 26.4375 -3.5829
-35.1231 26.5005 -3.584
-35.097 26.5675 -3.58568
-35.0436 26.6137 -3.58442
-35.0267 26.6877 -3.58711
-35.0099 26.762 -3.58983
-34.9932 26.8363 -3.59255
-34.9753 26.91 -3.59518
-34.9691 26.9928 -3.59909
-35.0077 27.2663 -3.59842
-35.039 27.3396 -3.59608
-35.0391 27.3401 -3.5962
-35.0617 27.4205 -3.59282
-35.1102 27.478 -3.59242
-35.1338 27.5578 -3.58927
-35.1974 27.6017 -3.59056
-35.2286 27.6746 -3.58829
-35.3016 27.7101 -3.59062
-35.3405 27.7761 -3.58922
-35.6791 27.9788 -3.59814
-36.1029 28.0094 -3.59119
-36.4242 26.2448 -3.57746
-36.4928 26.2952 -3.56701
-36.4921 26.3329 -3.56627
-36.3006 27.9187 -3.56513
-36.2999 27.9559 -3.56478
-36.2254 27.9851 -3.57466
-36.5701 26.3846 -3.55455
-36.6123 26.4297 -3.54785
-36.654 26.4746 -3.54119
-36.7722 26.7017 -3.5481
-36.486 27.8282 -3.54087
-36.4353 27.8595 -3.54741
-36.3847 27.8908 -3.55396
-36.7008 26.5202 -3.53387
-36.7001 26.5574 -3.53317
-36.6999 26.5574 -3.5329
-36.7257 26.5991 -3.52882
-36.7513 26.6407 -3.52449
-36.7767 26.6822 -3.52018
-36.6492 27.6629 -3.52073
-36.6142 27.6955 -3.52506
-36.699 27.7032 -3.53086
-36.5792 27.7282 -3.52941
-36.5785 27.7651 -3.52901
-36.5433 27.7979 -3.5334
-35.2041 26.4003 -3.5019
-36.6288 26.4583 -3.50735
-36.7999 26.7232 -3.5162
-36.8134 26.7625 -3.51357
-36.8127 26.7994 -3.51293
-36.8263 26.8387 -3.51033
-36.8398 26.8778 -3.50773
-36.8515 26.9166 -3.5054
-36.8554 26.9541 -3.50416
-36.8547 26.9909 -3.50357
-36.8584 27.0283 -3.50238
-36.8622 27.0658 -3.50117
-36.8625 27.1026 -3.50048
-34.9661 27.1085 -3.51994
-34.9224 27.1075 -3.51796
-36.8575 27.1387 -3.50053
-36.8525 27.1747 -3.50058
-36.8518 27.2114 -3.50005
-36.8467 27.2474 -3.50013
-36.8416 27.2835 -3.50023
-36.8236 27.3177 -3.50212
-36.8096 27.3525 -3.50346
-36.8622 27.385 -3.51026
-36.8089 27.3892 -3.50297
-36.7951 27.4241 -3.50431
-36.7813 27.459 -3.50565
-36.7564 27.4925 -3.50855
-36.7867 27.5191 -3.51006
-36.7329 27.5262 -3.51126
-36.7094 27.56 -3.51396
-36.7087 27.5967 -3.51352
-36.6852 27.6306 -3.51625
-36.5174 26.3502 -3.48685
-36.573 26.4042 -3.49707
-35.0061 26.8181 -3.48126
-34.9799 26.9233 -3.49478
-34.994 27.1312 -3.48063
-36.8741 27.2522 -3.48204
-36.8858 27.3231 -3.4876
-36.7639 27.582 -3.48572
-36.7107 27.5812 -3.48404
-35.8015 26.0761 -3.46613
-36.3185 26.233 -3.46079
-35.433 26.2486 -3.47604
-36.3703 26.2725 -3.46879
-36.4641 26.3059 -3.47807
-36.4206 26.3049 -3.47576
-35.0646 26.6501 -3.46042
-35.0333 26.7206 -3.46888
-36.872 27.0042 -3.46052
-36.8967 27.0598 -3.46403
-34.9412 27.1303 -3.47926
-36.8621 27.1817 -3.47652
-35.0229 27.272 -3.46608
-36.6303 27.7029 -3.46826
-36.2188 27.9464 -3.46102
-36.2173 27.9772 -3.47616
-36.2187 28.0034 -3.46067
-36.2172 28.0342 -3.47539
-35.9995 26.0897 -3.4553
-35.7994 26.1146 -3.44384
-35.6954 26.1412 -3.452
-36.1781 26.1798 -3.44654
-36.1349 26.1789 -3.4443
-35.5983 26.1605 -3.45918
-36.2248 26.1974 -3.45126
-36.2716 26.2152 -3.45602
-35.2068 26.4774 -3.44262
-35.1725 26.5267 -3.44798
-35.1381 26.5764 -3.45337
-35.095 26.5754 -3.45136
-36.8228 26.8104 -3.44636
-36.8566 26.8557 -3.44845
-36.8901 26.9013 -3.4506
-35.027 27.1279 -3.4438
-34.9742 27.1272 -3.44282
-36.8955 27.3803 -3.45964
-35.0531 27.4024 -3.45271
-35.0896 27.4947 -3.44369
-36.5637 27.7641 -3.45944
-36.4948 27.8367 -3.44934
-36.434 27.8733 -3.44341
-35.8043 26.0451 -3.43711
-36.0302 26.1162 -3.43088
-35.9589 26.1101 -3.4344
-35.8804 26.1111 -3.43894
-36.097 26.1267 -3.42799
-36.1594 26.1417 -3.42573
-36.0445 26.1562 -3.43681
-36.0004 26.15 -3.43382
-35.9564 26.144 -3.43088
-35.9141 26.146 -3.42914
-35.8722 26.1498 -3.42768
-35.8293 26.1488 -3.42552
-35.7875 26.1527 -3.42407
-35.7456 26.1568 -3.42268
-36.2117 26.167 -3.42495
-36.0886 26.1623 -3.43977
-35.7064 26.1742 -3.42325
-35.5381 26.1607 -3.43877
-35.6664 26.1877 -3.42326
-36.319 26.2148 -3.42298
-35.6264 26.2014 -3.42329
-35.5836 26.2004 -3.42119
-35.5435 26.2138 -3.4212
-36.3766 26.2343 -3.42143
-35.4041 26.2309 -3.42433
-35.5062 26.2419 -3.42338
-35.4679 26.2653 -3.42489
-36.4741 26.2918 -3.4209
-35.4296 26.2888 -3.4264
-36.5239 26.3195 -3.4205
-35.3927 26.3203 -3.42911
-35.3563 26.3553 -3.43234
-35.3135 26.3543 -3.43028
-36.5534 26.3686 -3.42307
-36.6052 26.394 -3.42238
-35.277 26.3895 -3.43353
-35.2405 26.4248 -3.43681
-36.6279 26.4506 -3.42599
-36.6742 26.4817 -3.42611
-36.6931 26.5426 -3.43031
-36.7391 26.5742 -3.4305
-36.7781 26.6135 -3.43176
-36.7856 26.687 -3.4377
-36.8259 26.7249 -3.43878
-35.0558 27.2687 -3.42902
-36.7972 27.5775 -3.43579
-36.744 27.5767 -3.43451
-35.1796 27.5791 -3.43704
-35.1274 27.5783 -3.43564
-35.2203 27.644 -3.43114
-35.2608 27.7095 -3.42517
-35.3046 27.7557 -3.42141
-36.3734 27.9101 -3.43745
-36.321 27.9093 -3.43585
-36.2608 27.9451 -3.43004
-35.7865 27.9438 -3.43428
-36.2043 27.9644 -3.42615
-36.1479 27.9833 -3.4223
-35.9853 28.0352 -3.42578
-35.5408 26.1296 -3.41038
-36.2901 26.1825 -3.41698
-36.4339 26.2541 -3.41992
-35.3029 26.2974 -3.4132
-35.3028 26.3534 -3.41217
-35.2409 26.4155 -3.40498
-36.8507 26.8127 -3.40762
-36.9683 27.1462 -3.40858
-36.9231 27.1451 -3.40621
-35.0861 27.3992 -3.4154
-35.1226 27.4914 -3.4061
-36.6636 27.6984 -3.4193
-36.597 27.7597 -3.41097
-35.3482 27.8021 -3.41763
-36.528 27.8324 -3.40136
-35.4719 27.8493 -3.40467
-35.4444 27.8453 -3.41574
-35.3925 27.8445 -3.4143
-35.6041 27.8669 -3.40115
-35.4906 27.8769 -3.41369
-35.6026 27.8978 -3.41683
-35.788 27.9129 -3.41892
-35.5368 27.9079 -3.41168
-35.5833 27.9371 -3.4099
-35.6317 27.9555 -3.40935
-35.732 27.9751 -3.41026
-35.6801 27.9743 -3.40877
-36.0922 27.9999 -3.41874
-35.7804 27.9935 -3.40975
-36.1056 28.0103 -3.41047
-36.0389 28.0051 -3.4165
-35.9868 28.0043 -3.41496
-35.9335 28.0099 -3.41269
-35.8819 28.0073 -3.41137
-35.8312 28.0004 -3.41056
-35.4068 26.1999 -3.39647
-36.4269 26.2457 -3.39723
-35.3055 26.2664 -3.38583
-36.4955 26.2961 -3.38735
-36.4948 26.3338 -3.38665
-35.3054 26.3224 -3.3852
-35.1752 26.4777 -3.39743
-35.1365 26.5372 -3.39258
-35.0979 26.5965 -3.38774
-35.0978 26.652 -3.38676
-35.0673 26.7104 -3.38277
-36.8703 26.9561 -3.39628
-36.8736 27.0746 -3.38736
-36.8516 27.1551 -3.38215
-35.2126 27.5757 -3.39877
-35.1604 27.5749 -3.39777
-35.2014 27.5876 -3.38187
-35.2548 27.6397 -3.38634
-35.2533 27.6406 -3.39257
-35.308 27.6919 -3.3908
-35.3954 27.7114 -3.38169
-35.2938 27.7061 -3.38629
-35.3937 27.7423 -3.3985
-35.3376 27.7522 -3.38221
-35.3952 27.7672 -3.3813
-35.3936 27.7981 -3.3977
-35.4735 27.8184 -3.38864
-36.4673 27.8689 -3.39587
-36.4066 27.9059 -3.39036
-36.3542 27.9051 -3.38914
-36.3033 27.9195 -3.38582
-36.3005 27.9528 -3.38507
-36.2952 27.9429 -3.384
-36.2375 27.9603 -3.38029
-36.2281 27.986 -3.39483
-36.5728 26.3855 -3.37558
-35.2435 26.3845 -3.37847
-36.615 26.4306 -3.36926
-35.1777 26.4468 -3.37138
-36.6567 26.4755 -3.36298
-35.139 26.5062 -3.36697
-35.1003 26.5655 -3.36256
-35.1002 26.6211 -3.36199
-35.046 26.7678 -3.37969
-35.0215 26.8253 -3.3763
-35.0144 26.8813 -3.37467
-35.0143 26.9367 -3.37373
-35.0073 26.9926 -3.37211
-35.0065 27.048 -3.37112
-35.0129 27.1028 -3.37086
-35.0194 27.1576 -3.37061
-35.0408 27.2112 -3.37186
-36.8296 27.2352 -3.37698
-35.0407 27.2666 -3.37097
-35.0607 27.3204 -3.3721
-36.8492 27.3763 -3.36584
-35.0811 27.3743 -3.37326
-36.8159 27.4389 -3.36237
-35.1198 27.4269 -3.37626
-35.1567 27.449 -3.36019
-35.1549 27.4798 -3.37891
-35.1548 27.5353 -3.37806
-35.2031 27.5568 -3.36393
-35.2565 27.6088 -3.36879
-35.3097 27.661 -3.37363
-35.3813 27.7985 -3.3781
-36.4887 27.8291 -3.36287
-35.4775 27.8418 -3.37549
-35.4255 27.841 -3.37443
-36.438 27.8603 -3.36905
-35.5236 27.8732 -3.37309
-36.3874 27.8917 -3.37525
-35.5698 27.9042 -3.37074
-35.6163 27.9334 -3.36861
-35.3907 27.9367 -3.378
-35.6648 27.9518 -3.36771
-36.1811 27.9792 -3.37685
-35.7651 27.9713 -3.36788
-35.7132 27.9705 -3.36677
-36.1254 27.9958 -3.3737
-35.8643 27.9965 -3.36744
-35.8136 27.9897 -3.367
-36.072 28.0011 -3.37185
-36.02 28.0001 -3.37071
-36.02 28.0003 -3.37069
-35.9667 28.0059 -3.36882
-35.915 28.0034 -3.36788
-35.5171 28.0017 -3.36854
-35.6145 28.0279 -3.36299
-36.7035 26.5211 -3.35606
-36.7028 26.5583 -3.3554
-36.7283 26.6 -3.3513
-36.7283 26.6 -3.35131
-36.7539 26.6416 -3.34721
-35.0697 26.6794 -3.35842
-36.7794 26.6831 -3.34315
-36.7766 26.7038 -3.34158
-35.0483 26.7368 -3.35577
-35.0238 26.7944 -3.3528
-35.0166 26.8504 -3.35158
-35.0165 26.9058 -3.35104
-35.0094 26.9617 -3.34984
-35.0086 27.0171 -3.34925
-35.0149 27.0719 -3.34939
-35.0214 27.1267 -3.34954
-35.0428 27.1803 -3.35118
-35.0426 27.2357 -3.3507
-35.0626 27.2895 -3.35222
-35.083 27.3434 -3.35377
-35.1216 27.396 -3.35716
-36.7808 27.4987 -3.35919
-35.1565 27.5044 -3.35974
-36.7393 27.5491 -3.35694
-36.6978 27.5993 -3.35472
-36.6519 27.6638 -3.3438
-36.6861 27.6927 -3.34824
-36.6169 27.6964 -3.34792
-36.6379 27.733 -3.34699
-36.5819 27.7291 -3.35202
-36.5872 27.771 -3.3475
-36.546 27.7988 -3.3558
-36.5408 27.8123 -3.34467
-36.5093 27.8764 -3.34108
-36.4547 27.9074 -3.34081
-36.399 27.9366 -3.34067
-36.3385 27.9595 -3.34118
-36.2781 27.9823 -3.34174
-36.2324 28.0259 -3.34021
-36.1658 28.0403 -3.34161
-36.0991 28.0546 -3.34302
-36.0342 28.0714 -3.34419
-35.8067 28.078 -3.35216
-35.7233 28.0701 -3.35585
-35.9641 28.0815 -3.34606
-35.8897 28.0856 -3.34852
-36.5575 26.2544 -3.33398
-36.8026 26.7241 -3.33939
-36.8161 26.7634 -3.3369
-36.8154 26.8003 -3.33631
-36.829 26.8395 -3.33385
-36.8425 26.8786 -3.3314
-36.8542 26.9175 -3.3292
-36.8581 26.955 -3.32804
-36.8574 26.9917 -3.32749
-36.8611 27.0292 -3.32636
-36.8649 27.0666 -3.32523
-36.8652 27.1035 -3.32458
-36.8601 27.1395 -3.32464
-36.8551 27.1756 -3.32469
-36.8544 27.2123 -3.32419
-36.8493 27.2483 -3.32428
-36.8442 27.2843 -3.32437
-36.8263 27.3186 -3.32617
-36.8123 27.3534 -3.32744
-36.8116 27.3901 -3.32698
-36.7978 27.425 -3.32825
-36.784 27.4599 -3.32952
-36.759 27.4933 -3.33227
-36.7355 27.527 -3.33484
-36.712 27.5608 -3.3374
-36.7113 27.5976 -3.33699
-36.6879 27.6314 -3.33958
-36.6332 26.4604 -3.30286
-36.6996 26.5599 -3.31906
-34.9706 27.1105 -3.31305
-34.9268 27.1095 -3.31112
-35.1463 27.5727 -3.30765
-36.1186 26.0253 -3.2957
-35.9955 26.0226 -3.28778
-35.9101 26.0468 -3.28348
-36.5217 26.3522 -3.28334
-36.5773 26.4062 -3.29308
-34.9843 26.9253 -3.28925
-35.0319 27.3056 -3.28776
-35.0831 27.4343 -3.2971
-36.5675 27.8104 -3.29741
-36.353 27.8941 -3.28136
-35.825 26.0711 -3.27922
-36.0022 26.0906 -3.27207
-35.746 26.0996 -3.27555
-35.6062 26.0833 -3.26598
-35.5515 26.1292 -3.26466
-35.497 26.1751 -3.26336
-35.4423 26.2208 -3.26204
-36.3746 26.2745 -3.26611
-36.4685 26.3079 -3.27499
-36.425 26.3069 -3.27275
-35.0376 26.7226 -3.26479
-35.0099 26.762 -3.26045
-35.0105 26.8201 -3.27648
-34.9932 26.8363 -3.26294
-34.9753 26.91 -3.26534
-34.9691 26.9928 -3.26891
-34.9753 27.0853 -3.27371
-34.9822 27.1787 -3.27861
-36.8645 27.3844 -3.26002
-36.7025 27.7064 -3.26093
-36.1195 27.9953 -3.2634
-36.2291 26.1994 -3.24936
-36.1824 26.1818 -3.24485
-36.1392 26.1808 -3.24269
-36.2759 26.2172 -3.25391
-36.3228 26.235 -3.25848
-35.3475 26.2367 -3.25683
-35.3033 26.29 -3.25654
-35.2588 26.3431 -3.25624
-35.2241 26.4034 -3.25689
-35.1544 26.4375 -3.25413
-35.2112 26.4794 -3.24013
-35.1231 26.5005 -3.25514
-35.1769 26.5287 -3.24516
-35.1424 26.5784 -3.25022
-35.0982 26.5725 -3.25247
-35.0436 26.6137 -3.25552
-35.069 26.6521 -3.25682
-35.0267 26.6877 -3.25798
-35.0082 27.2647 -3.24071
-36.8645 27.3844 -3.25999
-36.7902 27.5224 -3.2416
-36.0302 27.9723 -3.25966
-35.8031 27.9695 -3.24737
-35.68 27.9769 -3.24027
-35.68 27.9769 -3.24029
-35.873 28.0086 -3.2492
-35.9881 28.0361 -3.24456
-36.0488 26.1582 -3.2355
-36.0047 26.152 -3.23263
-35.9607 26.146 -3.2298
-35.9184 26.148 -3.22811
-35.8765 26.1518 -3.22668
-35.8336 26.1508 -3.22459
-35.7918 26.1547 -3.22318
-35.7499 26.1588 -3.22181
-36.0929 26.1643 -3.23835
-35.7107 26.1762 -3.22232
-36.2964 26.1839 -3.2347
-35.6707 26.1897 -3.22229
-35.6307 26.2034 -3.22228
-35.5879 26.2024 -3.22023
-35.5478 26.2158 -3.22021
-35.5105 26.2439 -3.22223
-35.4722 26.2673 -3.22361
-35.4339 26.2908 -3.22501
-35.397 26.3223 -3.22753
-35.3606 26.3573 -3.23055
-35.3178 26.3563 -3.22856
-35.2813 26.3915 -3.23161
-35.2077 26.4036 -3.23148
-35.2448 26.4268 -3.23467
-34.9963 27.1306 -3.23126
-34.9436 27.1298 -3.22995
-36.8895 27.3261 -3.22071
-35.0395 27.338 -3.23856
-35.0622 27.4188 -3.23557
-35.1107 27.4763 -3.23518
-35.1343 27.5562 -3.23232
-36.7662 27.5815 -3.23709
-36.7131 27.5806 -3.23549
-35.1979 27.6001 -3.23347
-35.2291 27.673 -3.23138
-36.6326 27.7023 -3.22073
-35.3021 27.7085 -3.2335
-35.341 27.7744 -3.23221
-35.4205 27.8044 -3.23498
-35.471 27.8599 -3.23486
-35.5675 27.8753 -3.23933
-35.4711 27.8601 -3.23492
-35.6227 27.9269 -3.23969
-36.1083 28.0112 -3.23013
-36.4296 26.2465 -3.21737
-35.4365 26.2519 -3.20764
-36.4982 26.297 -3.20809
-36.4975 26.3346 -3.20743
-36.8658 27.1848 -3.21031
-36.8777 27.2553 -3.21548
-35.0252 27.2714 -3.21772
-36.896 27.3797 -3.20939
-35.0554 27.4018 -3.20528
-36.566 27.7635 -3.21247
-36.4971 27.8361 -3.20301
-36.306 27.9204 -3.2069
-36.3053 27.9577 -3.2066
-36.2172 27.975 -3.20462
-36.2308 27.9869 -3.21539
-36.2171 28.032 -3.20386
-35.8009 26.0739 -3.1965
-35.6989 26.1444 -3.18556
-35.6018 26.1638 -3.19211
-36.5755 26.3864 -3.19701
-36.6177 26.4315 -3.19105
-36.6594 26.4763 -3.18515
-36.8263 26.8136 -3.18203
-36.8601 26.8589 -3.18405
-36.8935 26.9045 -3.18612
-36.8755 27.0074 -3.19537
-36.9002 27.063 -3.1987
-35.0275 27.1273 -3.19442
-34.9747 27.1265 -3.1935
-36.9727 27.1482 -3.19886
-36.9276 27.1472 -3.19657
-35.0564 27.2681 -3.18065
-35.0919 27.4941 -3.19689
-36.7977 27.5768 -3.18716
-36.7445 27.5761 -3.18595
-35.1819 27.5785 -3.19075
-35.1297 27.5777 -3.18942
-35.2226 27.6434 -3.18528
-36.4913 27.8299 -3.18525
-36.4406 27.8612 -3.19108
-36.4364 27.8727 -3.19744
-36.39 27.8926 -3.19693
-36.3757 27.9095 -3.19187
-36.3233 27.9087 -3.19033
-36.2631 27.9445 -3.18489
-36.2186 27.9461 -3.18947
-36.2066 27.9638 -3.18122
-36.2185 28.0031 -3.18914
-35.8037 26.0449 -3.16747
-36.0337 26.1194 -3.1663
-35.9623 26.1133 -3.16949
-35.8839 26.1143 -3.17361
-35.8029 26.1179 -3.17808
-36.1005 26.1299 -3.16371
-36.1629 26.1449 -3.1617
-35.5375 26.1585 -3.17117
-36.2152 26.1703 -3.16103
-36.6313 26.4538 -3.16267
-36.6777 26.485 -3.16286
-36.7061 26.5219 -3.17864
-36.7037 26.5566 -3.17586
-36.7426 26.5774 -3.16708
-36.7816 26.6167 -3.1683
-36.731 26.6009 -3.17417
-36.7566 26.6424 -3.17031
-36.7832 26.6849 -3.16765
-36.8294 26.7281 -3.17495
-36.8052 26.7249 -3.16295
-36.8187 26.7642 -3.16063
-36.818 26.8012 -3.16007
-36.1707 27.1561 -3.16262
-36.1259 27.154 -3.16036
-35.0866 27.3985 -3.16796
-36.7147 27.5617 -3.16122
-36.714 27.5984 -3.16084
-36.6905 27.6323 -3.16328
-36.6545 27.6647 -3.16727
-36.6641 27.6977 -3.17176
-36.6195 27.6972 -3.17114
-35.2631 27.7089 -3.17973
-36.5845 27.7299 -3.17501
-36.5975 27.7591 -3.16399
-35.3069 27.7551 -3.17625
-36.5838 27.7668 -3.17467
-36.5486 27.7996 -3.17859
-35.3506 27.8012 -3.1728
-35.4467 27.8448 -3.17106
-35.3948 27.8439 -3.16968
-35.4929 27.8763 -3.16917
-35.5391 27.9073 -3.16733
-35.5856 27.9365 -3.1657
-35.7859 27.9416 -3.16591
-35.634 27.9549 -3.16521
-35.7343 27.9745 -3.16613
-35.6824 27.9737 -3.16471
-36.1503 27.9827 -3.1776
-36.0945 27.9993 -3.17425
-35.8335 27.9998 -3.16646
-35.7828 27.9929 -3.16568
-36.0412 28.0045 -3.17213
-35.9891 28.0037 -3.17066
-35.9358 28.0093 -3.16851
-35.8842 28.0067 -3.16725
-35.5402 26.1294 -3.14277
-36.2787 26.1838 -3.15888
-36.3225 26.218 -3.15938
-36.3801 26.2375 -3.15801
-35.4036 26.2288 -3.15779
-36.4374 26.2573 -3.15669
-36.4776 26.295 -3.15766
-35.3023 26.2953 -3.14747
-36.5273 26.3227 -3.15736
-36.4621 26.3396 -3.14941
-36.5406 26.341 -3.14692
-35.3022 26.3513 -3.14648
-36.5569 26.3718 -3.15982
-36.6086 26.3972 -3.15925
-36.8316 26.8404 -3.15776
-36.8451 26.8795 -3.15547
-36.8568 26.9183 -3.15339
-36.8607 26.9558 -3.15231
-36.86 26.9926 -3.15179
-36.8637 27.03 -3.15073
-36.8675 27.0675 -3.14967
-36.8678 27.1043 -3.14907
-36.8627 27.1404 -3.14913
-36.0819 27.1554 -3.15856
-36.0374 27.1544 -3.15646
-35.9926 27.1518 -3.15417
-35.9482 27.1512 -3.15215
-35.9038 27.1502 -3.15008
-35.8593 27.1485 -3.14793
-35.815 27.1481 -3.14596
-35.7707 27.1471 -3.14391
-35.7264 27.1461 -3.14188
-36.8578 27.1764 -3.14918
-36.8571 27.2131 -3.14871
-36.852 27.2492 -3.1488
-36.8469 27.2852 -3.14889
-36.8289 27.3194 -3.1506
-36.8149 27.3543 -3.1518
-36.8142 27.3909 -3.15137
-36.8004 27.4258 -3.15257
-36.7866 27.4607 -3.15378
-36.7617 27.4942 -3.15637
-35.1231 27.4908 -3.15929
-36.7382 27.5279 -3.15879
-35.2131 27.5751 -3.15248
-35.1609 27.5743 -3.15153
-35.2539 27.64 -3.1467
-35.2943 27.7055 -3.14084
-36.5286 27.8317 -3.15502
-36.4678 27.8683 -3.14989
-35.602 27.8956 -3.14981
-36.4072 27.9052 -3.14476
-36.3547 27.9045 -3.14361
-35.7874 27.9127 -3.15054
-35.4062 26.1997 -3.12992
-35.7008 26.2691 -3.12037
-35.3049 26.2662 -3.12009
-35.2404 26.4134 -3.1398
-35.1746 26.4756 -3.13278
-35.1359 26.535 -3.12826
-35.0973 26.5943 -3.12376
-35.0972 26.6499 -3.12282
-36.781 26.7058 -3.13544
-36.6976 26.7267 -3.13404
-36.6533 26.7257 -3.13182
-36.6088 26.7241 -3.12953
-36.5646 26.7231 -3.12733
-36.5204 26.7221 -3.12515
-36.4762 26.7211 -3.12296
-36.4321 26.72 -3.1208
-35.9134 27.018 -3.12062
-35.8341 27.0166 -3.12323
-35.7551 27.0158 -3.1258
-35.6765 27.0161 -3.12831
-35.5933 27.0099 -3.1314
-35.5182 27.0155 -3.13345
-35.4612 27.14 -3.12986
-35.4171 27.139 -3.12789
-35.373 27.138 -3.12592
-35.329 27.1369 -3.12397
-35.285 27.1359 -3.12202
-35.241 27.1349 -3.12009
-35.6821 27.1453 -3.13988
-35.6379 27.1441 -3.13783
-35.5937 27.143 -3.13583
-35.5495 27.142 -3.13382
-35.5053 27.141 -3.13183
-35.2542 27.6375 -3.12181
-35.3074 27.6898 -3.1259
-35.3932 27.7402 -3.13298
-35.3381 27.7516 -3.13704
-35.3822 27.7976 -3.13322
-35.4729 27.8182 -3.12257
-35.4778 27.8413 -3.13104
-35.426 27.8404 -3.1298
-35.6035 27.8667 -3.13412
-35.5242 27.8726 -3.12857
-35.5703 27.9036 -3.12638
-35.6168 27.9328 -3.12441
-36.2946 27.9403 -3.13861
-36.238 27.9596 -3.13535
-35.6653 27.9512 -3.12356
-36.1816 27.9786 -3.13214
-35.7656 27.9707 -3.12374
-35.7137 27.9699 -3.1227
-36.1259 27.9952 -3.12921
-36.0205 27.9997 -3.12639
-35.8648 27.9959 -3.12333
-35.8141 27.9891 -3.12293
-36.0725 28.0005 -3.12747
-35.9672 28.0053 -3.12463
-35.9155 28.0028 -3.12375
-36.4592 26.2598 -3.10312
-36.4041 26.26 -3.10153
-36.3492 26.2591 -3.10006
-36.6225 26.2704 -3.10681
-36.5689 26.2625 -3.10601
-36.514 26.2613 -3.10455
-36.7227 26.3176 -3.10532
-36.6677 26.3167 -3.10379
-35.7001 26.308 -3.11976
-35.3048 26.3222 -3.1195
-35.6994 26.3469 -3.11916
-36.7637 26.383 -3.10042
-35.6986 26.3857 -3.11857
-35.2429 26.3843 -3.11328
-35.6979 26.4246 -3.11799
-35.1771 26.4466 -3.10672
-35.6972 26.4634 -3.11741
-35.6965 26.5022 -3.11685
-35.1384 26.506 -3.10264
-35.6957 26.5409 -3.11629
-36.704 26.5619 -3.11411
-35.695 26.5797 -3.11574
-35.6943 26.6184 -3.11519
-35.6935 26.6572 -3.11466
-35.6928 26.6959 -3.11413
-36.3878 26.7181 -3.11852
-36.3438 26.7175 -3.11643
-36.2998 26.7167 -3.11432
-36.2558 26.7157 -3.11219
-36.2122 26.7166 -3.11032
-36.1681 26.7152 -3.10815
-36.1241 26.7137 -3.10599
-35.0668 26.7082 -3.11908
-35.6921 26.7345 -3.11362
-35.6913 26.7732 -3.11311
-35.0455 26.7656 -3.11621
-35.6906 26.8119 -3.11261
-35.0209 26.8232 -3.11304
-35.6899 26.8505 -3.11211
-35.0138 26.8792 -3.1115
-35.6892 26.8891 -3.11163
-35.6884 26.9277 -3.11114
-35.0137 26.9346 -3.1106
-35.6877 26.9663 -3.11068
-35.0067 26.9905 -3.10907
-35.9928 27.0197 -3.11796
-35.6877 27.005 -3.11014
-36.5421 27.0302 -3.10003
-36.4643 27.0289 -3.10252
-36.3862 27.0275 -3.10506
-36.308 27.0261 -3.1076
-36.2293 27.0243 -3.11018
-36.1507 27.0229 -3.11277
-36.072 27.0215 -3.11533
-35.6869 27.0436 -3.10968
-35.0059 27.0459 -3.10811
-35.686 27.0821 -3.10925
-35.0123 27.1007 -3.10785
-34.975 27.1126 -3.10654
-34.9312 27.1116 -3.10467
-35.6848 27.1205 -3.10888
-35.197 27.1339 -3.11816
-35.1531 27.1329 -3.11624
-35.1092 27.1319 -3.11433
-35.0653 27.1308 -3.11244
-35.0214 27.1298 -3.11055
-35.6841 27.159 -3.10845
-35.0188 27.1555 -3.10758
-35.6833 27.1976 -3.10803
-35.0402 27.2091 -3.1087
-35.6826 27.236 -3.10762
-35.6819 27.2745 -3.10721
-35.0401 27.2644 -3.10784
-35.6811 27.313 -3.10681
-35.0601 27.3183 -3.10885
-35.6804 27.3514 -3.10642
-35.0805 27.3721 -3.10989
-35.6797 27.3898 -3.10604
-35.679 27.4282 -3.10566
-35.1192 27.4247 -3.11263
-35.6782 27.4666 -3.1053
-35.1543 27.4777 -3.11504
-35.6775 27.505 -3.10495
-35.1542 27.5331 -3.11423
-35.6768 27.5434 -3.10459
-35.6761 27.5818 -3.10425
-35.2008 27.5855 -3.1177
-35.2559 27.6086 -3.10425
-35.6753 27.6201 -3.10392
-35.6746 27.6584 -3.10359
-35.3091 27.6608 -3.10872
-35.6739 27.6968 -3.10327
-35.3948 27.7112 -3.11616
-35.6732 27.7351 -3.10297
-35.6724 27.7734 -3.10266
-35.3946 27.767 -3.11579
-35.6717 27.8117 -3.10237
-35.671 27.85 -3.10208
-35.6703 27.8882 -3.1018
-35.6695 27.9265 -3.10153
-35.6688 27.9647 -3.10127
-35.6681 28.003 -3.10101
-36.005 26.0915 -3.0892
-36.0595 26.1403 -3.08211
-36.0588 26.1787 -3.08147
-36.059 26.2173 -3.08072
-36.2944 26.2579 -3.09863
-36.2391 26.2594 -3.09693
-36.1844 26.2579 -3.09556
-36.1297 26.2567 -3.09415
-36.075 26.2559 -3.09272
-36.0583 26.2557 -3.0801
-36.0203 26.255 -3.0913
-35.9656 26.2542 -3.08988
-35.9112 26.2523 -3.08858
-35.8565 26.2518 -3.08715
-35.8015 26.2533 -3.08554
-35.7475 26.2494 -3.08446
-35.693 26.2485 -3.08308
-35.6384 26.2481 -3.08169
-35.5843 26.2456 -3.0805
-36.8067 26.4381 -3.09654
-36.8422 26.5269 -3.0893
-35.0997 26.5653 -3.09858
-35.0996 26.6209 -3.09804
-35.0691 26.6792 -3.09473
-35.0478 26.7366 -3.09228
-35.0232 26.7942 -3.08954
-35.0161 26.8502 -3.0884
-35.0159 26.9056 -3.0879
-35.0089 26.9615 -3.08679
-35.008 27.0169 -3.08624
-36.62 27.0318 -3.0975
-36.6199 27.0317 -3.09751
-36.5423 27.0304 -3.1
-36.8775 27.0737 -3.08673
-35.0144 27.0717 -3.08637
-35.0208 27.1265 -3.0865
-36.8555 27.1542 -3.08192
-35.0422 27.1801 -3.08802
-35.0421 27.2355 -3.08756
-35.062 27.2893 -3.08896
-35.0824 27.3432 -3.09039
-35.121 27.3958 -3.09352
-35.1561 27.4487 -3.09631
-35.156 27.5042 -3.09591
-35.2025 27.5565 -3.09976
-35.7554 27.6771 -3.08156
-35.6769 27.6766 -3.08416
-35.5938 27.6701 -3.08731
-35.5138 27.6681 -3.09008
-35.436 27.6692 -3.09257
-35.356 27.6677 -3.09532
-35.2759 27.6663 -3.09807
-35.5298 26.245 -3.07913
-35.4753 26.2446 -3.07776
-35.4202 26.2477 -3.07603
-35.3659 26.2469 -3.07472
-35.3116 26.246 -3.07341
-35.2563 26.251 -3.07153
-36.0575 26.294 -3.0795
-35.1852 26.3488 -3.06053
-36.8335 27.2343 -3.07716
-35.9119 27.678 -3.07641
-35.8331 27.6766 -3.07906
-35.1995 27.8298 -3.06728
-35.2542 27.8567 -3.06682
-35.2853 27.9089 -3.06932
-35.3946 27.9357 -3.07629
-35.3397 27.9358 -3.06889
-35.3841 27.9738 -3.06976
-35.4437 27.995 -3.06868
-35.5034 28.016 -3.0676
-35.5614 28.039 -3.06674
-35.715 28.0429 -3.06022
-35.6382 28.0409 -3.06347
-36.5985 26.258 -3.05772
-36.5435 26.2568 -3.05666
-36.4887 26.2554 -3.05564
-36.4336 26.2556 -3.05445
-36.3787 26.2548 -3.05339
-36.3239 26.2536 -3.05236
-36.2685 26.2552 -3.05107
-36.2139 26.2537 -3.0501
-36.1592 26.2526 -3.04909
-36.1044 26.2517 -3.04807
-36.0497 26.2509 -3.04705
-35.9951 26.2501 -3.04604
-35.9406 26.2483 -3.04514
-35.8859 26.2478 -3.0441
-35.8309 26.2494 -3.0429
-35.7769 26.2455 -3.04221
-35.7224 26.2447 -3.04124
-35.6678 26.2443 -3.04025
-36.652 26.2659 -3.05812
-36.7523 26.313 -3.05589
-36.6973 26.3122 -3.05477
-36.7933 26.3784 -3.05068
-36.8363 26.4334 -3.04648
-35.1146 26.4454 -3.04966
-35.0607 26.4445 -3.04839
-34.9151 27.3686 -3.04597
-34.9529 27.4132 -3.04752
-34.9544 27.4956 -3.05355
-34.9985 27.5337 -3.05436
-35.2153 27.5583 -3.0463
-35.1371 27.5565 -3.04973
-35.0581 27.5554 -3.05325
-35.2933 27.5601 -3.04288
-35.9446 28.048 -3.05045
-35.8681 28.0464 -3.0537
-35.7916 28.0447 -3.05695
-35.6136 26.2418 -3.03946
-35.5591 26.2413 -3.03849
-35.5047 26.2409 -3.03752
-35.4495 26.2441 -3.0362
-35.3952 26.2433 -3.03528
-35.3409 26.2425 -3.03437
-35.2856 26.2475 -3.03291
-35.2145 26.3453 -3.02241
-36.7931 26.5113 -3.02207
-36.8718 26.5222 -3.03896
-36.7931 26.5992 -3.02571
-36.7939 26.6879 -3.02943
-36.7935 26.7759 -3.03306
-34.8792 27.0725 -3.02578
-35.3715 27.5613 -3.03941
-35.9801 27.5932 -3.02159
-35.9797 27.6828 -3.02542
-35.9801 27.7732 -3.02934
-36.466 26.1458 -3.00628
-36.5586 26.1678 -3.00982
-36.5988 26.2366 -3.00843
-36.6803 26.2686 -3.01088
-36.7484 26.32 -3.00174
-36.7138 26.3436 -3.009
-36.8026 26.3731 -3.00538
-36.7803 26.389 -3.01011
-36.7673 26.4051 -3.01621
-36.8295 26.4288 -3.0067
-35.1439 26.442 -3.01205
-35.09 26.4412 -3.01118
-36.8063 26.4706 -3.00757
-36.8294 26.4871 -3.00576
-36.8292 26.5454 -3.00482
-36.8295 26.6037 -3.00392
-36.8294 26.662 -3.003
-36.8301 26.7202 -3.00214
-36.83 26.7784 -3.00123
-36.8283 26.8368 -3.0002
-34.921 26.947 -3.01461
-35.9766 27.1445 -3.0022
-35.9762 27.233 -3.00595
-35.9789 27.324 -3.00998
-35.9786 27.413 -3.01377
-35.9716 27.4971 -3.01698
-36.5269 26.11 -2.98688
-36.6127 26.1591 -2.99317
-36.6126 26.2172 -2.99218
-36.6895 26.2676 -2.99773
-36.832 26.4019 -2.98022
-35.9782 26.7048 -2.98367
-35.9778 26.7923 -2.98734
-35.9774 26.8799 -2.99102
-36.8278 26.895 -2.99928
-36.8277 26.9532 -2.99839
-35.977 26.9678 -2.99472
-36.8271 27.0114 -2.99748
-35.9774 27.0565 -2.9985
-36.8262 27.0696 -2.99654
-36.8261 27.1278 -2.99568
-36.8296 27.1856 -2.99513
-36.8291 27.2438 -2.99425
-36.829 27.3019 -2.99342
-36.8289 27.36 -2.99259
-36.8288 27.4181 -2.99177
-36.8274 27.4762 -2.99086
-36.8273 27.5343 -2.99005
-36.826 27.5924 -2.98915
-36.7639 27.6542 -2.98315
-36.7638 27.7121 -2.98236
-36.6155 26.1321 -2.96472
-36.6153 26.1902 -2.96416
-36.6922 26.2406 -2.97008
-36.751 26.2931 -2.97447
-36.8051 26.3461 -2.97849
-35.9762 26.3544 -2.96887
-35.9762 26.4414 -2.97251
-36.8318 26.4602 -2.97971
-36.8317 26.5185 -2.97919
-35.9762 26.5285 -2.97616
-36.8319 26.5768 -2.97872
-35.9762 26.6158 -2.97982
-36.8318 26.635 -2.97822
-36.8324 26.6932 -2.9778
-36.8323 26.7515 -2.97731
-36.8305 26.8098 -2.9767
-36.83 26.8681 -2.97621
-36.8298 26.9263 -2.97574
-36.8293 26.9845 -2.97526
-36.8283 27.0427 -2.97474
-36.8282 27.1009 -2.97431
-36.8316 27.1587 -2.97419
-36.8311 27.2169 -2.97373
-36.8309 27.275 -2.97333
-36.8308 27.3331 -2.97292
-36.8306 27.3912 -2.97253
-35.0831 27.4343 -2.96461
-36.8293 27.4493 -2.97204
-36.8291 27.5074 -2.97165
-36.8277 27.5655 -2.97118
-35.1463 27.5727 -2.97415
-36.7656 27.6274 -2.96564
-36.7654 27.6853 -2.96527
-36.7007 27.7737 -2.9763
-36.6063 27.8368 -2.96761
-36.5297 26.0829 -2.95808
-35.746 26.0996 -2.94512
-34.9753 27.0853 -2.94345
-34.9822 27.1787 -2.94788
-35.0319 27.3056 -2.95616
-36.7023 27.7468 -2.95967
-36.6079 27.8099 -2.95144
-36.4905 27.874 -2.94132
-36.489 27.9009 -2.95702
