-27.4934 25.0562 -4.4991
-27.5386 25.1029 -4.49927
-27.6552 25.1769 -4.496
-27.6899 25.2313 -4.49767
-27.8319 25.5222 -4.48456
-27.7915 25.5213 -4.4843
-26.0906 25.5842 -4.49551
-26.0905 25.6263 -4.49426
-26.074 25.6709 -4.49013
-26.0564 25.7066 -4.49231
-26.0382 25.7605 -4.48142
-26.0634 25.8062 -4.48432
-27.8882 26.1447 -4.49408
-26.0275 26.1413 -4.49903
-26.0323 26.1823 -4.49848
-26.0472 26.2219 -4.49974
-26.0311 26.2283 -4.48341
-27.8825 26.3056 -4.48754
-27.8296 26.3049 -4.48789
-26.1947 26.4039 -4.48714
-26.142 26.4042 -4.48732
-26.1708 26.4521 -4.4863
-26.2031 26.4897 -4.49099
-26.1962 26.4906 -4.48977
-26.203 26.5315 -4.49
-26.1961 26.5324 -4.48878
-26.2402 26.5686 -4.49556
-27.4173 26.8132 -4.48984
-27.7603 25.4396 -4.4685
-26.0882 25.444 -4.47697
-26.0328 25.8032 -4.4793
-26.0329 25.845 -4.47813
-26.0274 25.8876 -4.47604
-26.0701 25.9066 -4.47578
-26.0221 25.9302 -4.47395
-26.0211 25.9721 -4.47264
-26.0257 26.0132 -4.47234
-26.0305 26.0543 -4.47187
-26.0303 26.0959 -4.47095
-26.0351 26.1369 -4.4707
-26.05 26.1765 -4.47224
-26.0646 26.2161 -4.47375
-26.0791 26.2558 -4.47526
-26.0936 26.2955 -4.47676
-27.8427 26.3032 -4.47165
-27.7897 26.3024 -4.47161
-26.0935 26.3372 -4.47572
-26.1206 26.3753 -4.47947
-27.7828 26.4241 -4.47134
-27.7338 26.4965 -4.46141
-26.2568 26.4967 -4.47342
-26.318 26.5841 -4.46049
-27.2907 26.8582 -4.47689
-27.1648 26.903 -4.46401
-27.6944 25.3111 -4.44363
-26.1501 25.3278 -4.45412
-27.7283 25.3664 -4.45435
-26.0357 26.0587 -4.4598
-26.0655 26.129 -4.45554
-26.1019 26.1908 -4.45254
-26.1386 26.2523 -4.44956
-26.1386 26.3594 -4.44004
-26.1016 26.3993 -4.45917
-26.1548 26.4002 -4.45884
-27.743 26.4217 -4.45474
-27.6941 26.494 -4.44445
-26.2169 26.4931 -4.4456
-27.6856 26.5772 -4.45032
-27.6359 26.6268 -4.44361
-27.5834 26.6261 -4.44401
-26.3764 26.6435 -4.45154
-26.4345 26.7026 -4.44262
-26.8205 26.8968 -4.44014
-27.072 26.9089 -4.45689
-26.9801 26.9144 -4.45005
-26.9799 26.9146 -4.44985
-26.9018 26.9036 -4.44529
-26.6513 25.105 -4.43727
-26.2564 25.1881 -4.4263
-27.5861 25.2086 -4.42382
-27.6616 25.248 -4.43144
-27.6216 25.2471 -4.43124
-26.2037 25.2558 -4.4398
-26.1386 26.3594 -4.43999
-26.1841 26.4093 -4.43871
-26.2286 26.4606 -4.43724
-26.2485 26.5421 -4.43137
-27.6458 26.5746 -4.43302
-26.3011 26.583 -4.43139
-26.2782 26.5805 -4.43313
-27.5961 26.6242 -4.42595
-27.5437 26.6234 -4.42597
-26.3545 26.623 -4.43157
-26.3366 26.6399 -4.42461
-27.5339 26.6752 -4.4374
-26.3876 26.6878 -4.42814
-27.4843 26.7216 -4.43116
-26.4904 26.7397 -4.43684
-26.4468 26.7207 -4.42937
-27.4341 26.7542 -4.42691
-26.5429 26.7405 -4.4362
-26.508 26.7512 -4.43095
-26.5986 26.7775 -4.43045
-27.3839 26.7867 -4.42267
-27.3316 26.7859 -4.42312
-26.5542 26.7999 -4.43007
-26.6535 26.8066 -4.42583
-26.554 26.8001 -4.42986
-26.7076 26.8276 -4.42237
-26.6201 26.8247 -4.43254
-26.6198 26.8251 -4.43226
-26.6887 26.8464 -4.43527
-26.7489 26.8783 -4.43671
-27.0048 26.9886 -4.43465
-26.6548 25.0606 -4.40158
-26.44 25.0631 -4.40071
-27.4799 25.0961 -4.40218
-26.3933 25.0999 -4.40818
-27.5154 25.1318 -4.40903
-26.3452 25.1444 -4.41713
-26.3048 25.1435 -4.41732
-27.5507 25.1702 -4.41641
-27.4409 25.1667 -4.40243
-26.4833 25.1781 -4.40698
-27.5852 25.2194 -4.41991
-26.1916 26.5642 -4.41116
-27.4941 26.6726 -4.41899
-26.3947 26.6991 -4.41613
-27.4446 26.7189 -4.4124
-26.5032 26.737 -4.41051
-26.4506 26.7362 -4.41077
-27.3943 26.7515 -4.40778
-26.5589 26.7741 -4.40518
-27.3441 26.7839 -4.40318
-27.2919 26.7831 -4.40325
-27.2812 26.8129 -4.4197
-26.6138 26.8032 -4.40097
-27.2302 26.8312 -4.41748
-27.1793 26.8497 -4.41527
-26.8143 26.8537 -4.41772
-26.762 26.853 -4.4183
-27.1281 26.8625 -4.41385
-27.0764 26.8683 -4.41345
-27.0242 26.8675 -4.41398
-26.9724 26.8732 -4.41361
-26.9199 26.8683 -4.41475
-26.8671 26.861 -4.41622
-26.7861 26.9271 -4.4001
-27.0071 26.9443 -4.41272
-26.6566 24.9707 -4.38133
-27.2931 24.9973 -4.38347
-27.2552 24.982 -4.3806
-27.2155 24.9812 -4.38057
-26.6141 24.985 -4.38437
-27.3309 25.0128 -4.38636
-26.5698 25.0101 -4.38951
-26.5297 25.0092 -4.38965
-26.4849 25.036 -4.39515
-27.3668 25.0437 -4.39225
-27.4432 25.0705 -4.39729
-27.4034 25.0695 -4.39716
-26.4012 25.2355 -4.39135
-27.8989 26.08 -4.39135
-27.2414 26.81 -4.39946
-27.1905 26.8283 -4.39686
-26.6679 26.8243 -4.39791
-27.1396 26.8467 -4.39428
-27.0884 26.8595 -4.39248
-26.8274 26.8578 -4.39293
-26.7746 26.8505 -4.39404
-26.7223 26.8497 -4.39424
-27.0367 26.8652 -4.39171
-26.9845 26.8644 -4.39185
-26.9327 26.8701 -4.3911
-26.8802 26.8651 -4.39185
-26.786 26.9696 -4.39895
-27.0624 24.9346 -4.37215
-27.0233 24.9289 -4.37121
-26.9835 24.928 -4.37121
-26.9444 24.9222 -4.3703
-26.9039 24.9261 -4.37125
-26.8633 24.9297 -4.37218
-26.8227 24.9337 -4.37316
-26.7828 24.9327 -4.37321
-27.1405 24.9461 -4.37407
-27.1014 24.9404 -4.3731
-27.0472 24.9445 -4.37563
-26.7413 24.9422 -4.37528
-26.699 24.9564 -4.3783
-27.1776 24.966 -4.37776
-27.2342 25.056 -4.37445
-27.1538 25.0609 -4.36758
-26.4867 25.1338 -4.37183
-26.3157 25.2932 -4.37518
-26.2659 25.3444 -4.36511
-26.2658 25.3869 -4.36353
-26.0637 26.2689 -4.37424
-26.0551 26.3429 -4.37996
-26.5702 26.8666 -4.36605
-26.7883 26.883 -4.37773
-26.6492 26.9 -4.3782
-26.7882 26.9255 -4.37689
-27.0246 25.0204 -4.35252
-26.9636 25.0427 -4.34889
-26.4046 25.1913 -4.35663
-26.3191 25.249 -4.34088
-26.2162 25.4377 -4.35352
-26.1732 25.4873 -4.34464
-26.4254 26.7571 -4.34517
-26.4253 26.7991 -4.34397
-27.0222 26.8298 -4.35137
-26.5725 26.8226 -4.34325
-26.4862 26.8341 -4.35306
-26.6515 26.8559 -4.35564
-26.8608 25.0259 -4.3382
-27.3532 25.0492 -4.3367
-26.8097 25.0571 -4.33622
-26.7201 25.0521 -4.32775
-26.6781 25.0915 -4.3273
-26.5593 25.1375 -4.32055
-26.2693 25.3002 -4.33119
-26.2691 25.3427 -4.32992
-26.2195 25.3936 -4.32029
-26.1429 25.5346 -4.33796
-26.1127 25.5818 -4.3313
-26.086 25.6282 -4.32526
-26.0859 25.6703 -4.32375
-26.0228 25.738 -4.32449
-27.8911 25.7668 -4.33323
-25.9957 25.792 -4.32679
-25.9908 25.8683 -4.333
-26.2749 26.6495 -4.32339
-26.3128 26.6867 -4.32856
-26.4278 26.7131 -4.32158
-26.3711 26.7216 -4.33721
-26.4276 26.7552 -4.32069
-27.2068 26.7989 -4.32917
-26.4885 26.7901 -4.33002
-26.5942 25.0915 -4.31978
-27.4888 25.1243 -4.31895
-26.4891 25.1501 -4.31534
-27.5889 25.1931 -4.30561
-26.454 25.1959 -4.3161
-26.3902 25.2143 -4.31198
-26.332 25.238 -4.30882
-26.3029 25.2895 -4.31063
-26.2497 25.3178 -4.30832
-26.2259 25.3745 -4.31106
-26.1793 25.4091 -4.30991
-26.1764 25.4432 -4.31177
-26.1558 25.4663 -4.31274
-26.1461 25.4905 -4.30544
-26.1168 25.5083 -4.31291
-26.0989 25.571 -4.31674
-26.0287 25.5704 -4.30263
-25.9875 25.5694 -4.30285
-26.0628 25.6161 -4.31746
-27.8646 25.6346 -4.30862
-26.035 25.6692 -4.3196
-26.0693 25.7149 -4.31947
-26.0529 25.7595 -4.31521
-27.9659 25.7922 -4.30134
-26.0338 25.8044 -4.31051
-26.0284 25.8471 -4.30817
-26.0286 25.8889 -4.30676
-26.0234 25.9315 -4.30446
-26.018 25.9741 -4.30214
-26.0171 26.016 -4.3006
-26.0222 26.057 -4.30009
-26.0756 26.2996 -4.30106
-26.0901 26.3393 -4.30221
-26.09 26.381 -4.3009
-26.1172 26.4191 -4.30423
-26.1424 26.4574 -4.30721
-26.1675 26.4959 -4.31019
-26.1966 26.5339 -4.31385
-26.1965 26.5757 -4.3126
-26.2371 26.6124 -4.31823
-26.3152 26.6428 -4.30446
-26.3735 26.6776 -4.31336
-27.4133 26.7196 -4.30487
-27.3086 26.7589 -4.31719
-27.6464 25.2545 -4.29757
-27.6454 25.3061 -4.29679
-27.7104 25.3684 -4.28786
-27.7454 25.4256 -4.28264
-27.8361 25.5247 -4.28816
-27.7956 25.5237 -4.28787
-26.1159 25.5377 -4.29913
-26.0891 25.5842 -4.29343
-26.089 25.6263 -4.29223
-26.0724 25.6709 -4.28827
-26.056 25.7155 -4.28434
-27.9278 25.7899 -4.286
-26.0216 26.057 -4.29998
-26.0266 26.098 -4.29947
-26.0265 26.1397 -4.29809
-26.0313 26.1808 -4.29754
-26.0464 26.2203 -4.29876
-26.0609 26.2599 -4.2999
-26.145 26.4136 -4.28144
-26.1701 26.452 -4.2847
-26.2025 26.4896 -4.2892
-26.1958 26.4904 -4.28807
-27.6085 26.5377 -4.28319
-26.2024 26.5314 -4.28826
-26.1957 26.5322 -4.28712
-27.6507 26.5789 -4.29759
-26.2396 26.5685 -4.29359
-27.5599 26.583 -4.28858
-26.2774 26.6056 -4.29901
-27.4839 26.6251 -4.29733
-27.4829 26.6764 -4.29686
-27.7644 25.4421 -4.27266
-26.0933 25.4415 -4.27837
-27.7806 25.4828 -4.27742
-27.8142 25.5395 -4.27242
-27.8132 25.5908 -4.2717
-27.8321 25.6451 -4.26853
-27.8506 25.6992 -4.26543
-27.8665 25.7529 -4.26267
-26.0368 25.7605 -4.27997
-27.8716 25.8048 -4.26124
-26.0314 25.8032 -4.27794
-26.0316 25.845 -4.27684
-26.0263 25.8876 -4.27485
-26.0209 25.9302 -4.27284
-26.02 25.9721 -4.2716
-26.0248 26.0131 -4.27134
-26.0295 26.0541 -4.27108
-26.0293 26.0959 -4.27001
-27.8402 26.1073 -4.26062
-26.034 26.1369 -4.26975
-27.8393 26.1583 -4.26002
-26.0491 26.1764 -4.27126
-27.8199 26.2068 -4.2617
-26.0636 26.2161 -4.27269
-27.8007 26.2553 -4.26339
-26.0782 26.2557 -4.27414
-26.0927 26.2954 -4.27557
-27.7703 26.3024 -4.26646
-26.0926 26.3371 -4.27457
-27.7377 26.3492 -4.26981
-26.1198 26.3752 -4.27818
-27.7906 26.3858 -4.2723
-27.7052 26.3962 -4.27317
-27.7042 26.4473 -4.27265
-27.6568 26.4924 -4.27787
-26.579 25.0033 -4.25446
-26.2084 25.2548 -4.24302
-27.6986 25.313 -4.24861
-26.1548 25.3269 -4.25676
-27.7324 25.3685 -4.25897
-27.8767 25.8568 -4.25983
-27.8758 25.9078 -4.25919
-27.8732 25.9586 -4.25873
-27.8661 26.0087 -4.25885
-27.8592 26.0588 -4.259
-27.9283 26.1396 -4.25524
-27.9179 26.1211 -4.24227
-27.8901 26.2252 -4.25247
-26.0718 26.2334 -4.25667
-26.7435 24.966 -4.2394
-26.6473 25.104 -4.23039
-26.3497 25.1442 -4.22153
-26.3093 25.1432 -4.22167
-27.5549 25.1719 -4.2223
-26.261 25.1877 -4.23025
-27.5903 25.2101 -4.22942
-27.6658 25.2498 -4.23683
-27.6258 25.2488 -4.2366
-27.6665 25.3226 -4.23169
-27.953 25.9299 -4.22472
-27.9376 26.0236 -4.23319
-27.8903 26.1372 -4.23967
-26.0337 26.2297 -4.22745
-27.8828 26.3 -4.23406
-27.8299 26.2992 -4.2344
-27.8828 26.3001 -4.23402
-26.1952 26.4032 -4.23281
-26.1421 26.4024 -4.23349
-27.0076 26.9865 -4.22825
-26.9513 24.897 -4.21871
-27.2348 24.9321 -4.20031
-27.0259 24.9234 -4.21516
-27.1001 24.9498 -4.21164
-26.4893 25.0362 -4.20064
-27.4474 25.0718 -4.20376
-27.4076 25.0709 -4.2036
-26.4444 25.0633 -4.20594
-27.4841 25.0973 -4.20847
-26.3979 25.0996 -4.21297
-27.5196 25.1335 -4.21518
-26.4806 25.1769 -4.20165
-27.8973 25.5657 -4.20031
-27.911 25.6363 -4.20481
-27.8406 25.6263 -4.20112
-27.9242 25.7073 -4.20938
-27.9456 25.7723 -4.21291
-27.9493 25.8509 -4.2188
-27.8448 26.2976 -4.21818
-27.7919 26.2968 -4.21813
-26.1573 26.3995 -4.20453
-26.104 26.3987 -4.20481
-27.7831 26.4192 -4.21863
-27.7451 26.4167 -4.20204
-27.7342 26.4918 -4.20919
-26.2573 26.4961 -4.21984
-26.3185 26.5828 -4.2077
-27.0098 26.9438 -4.20631
-27.1448 24.9471 -4.18112
-27.1057 24.9413 -4.18017
-26.7457 24.9426 -4.18184
-26.7033 24.9569 -4.18469
-27.2935 24.9693 -4.19878
-27.1819 24.967 -4.1847
-26.6609 24.9711 -4.18756
-27.2973 24.9988 -4.19037
-27.2594 24.9833 -4.18757
-27.2197 24.9824 -4.18747
-26.6185 24.9854 -4.19044
-27.3539 25.0052 -4.19704
-27.3344 25.0194 -4.19414
-26.5742 25.0101 -4.19528
-26.5341 25.0092 -4.19537
-27.4983 25.0592 -4.1905
-27.4015 25.0503 -4.19696
-27.371 25.0449 -4.19884
-26.6508 25.061 -4.19469
-27.543 25.1064 -4.19081
-27.5812 25.1583 -4.19198
-27.6595 25.1804 -4.18791
-27.694 25.235 -4.18958
-26.4003 25.234 -4.18702
-26.3976 25.2344 -4.18658
-27.7239 25.293 -4.19185
-27.754 25.3509 -4.19411
-27.8122 25.3878 -4.19272
-27.834 25.452 -4.19609
-27.8561 25.516 -4.19944
-26.0819 25.5622 -4.18392
-27.9027 26.0871 -4.19209
-27.6962 26.4894 -4.19224
-26.2193 26.4925 -4.19203
-27.6859 26.5728 -4.19864
-27.648 26.5703 -4.18135
-26.2805 26.5792 -4.18035
-27.6362 26.6226 -4.19228
-27.5837 26.6218 -4.19265
-26.3768 26.6422 -4.19923
-27.5342 26.671 -4.18639
-27.4847 26.718 -4.1804
-26.4349 26.7007 -4.1909
-26.5433 26.7385 -4.18482
-26.4908 26.7378 -4.18543
-27.5644 26.7436 -4.18268
-26.7868 26.9253 -4.19498
-26.7868 26.9679 -4.19385
-27.0666 24.9356 -4.17922
-27.0275 24.9299 -4.17829
-26.9877 24.929 -4.17825
-26.9486 24.9232 -4.17734
-26.9082 24.9267 -4.17815
-26.8676 24.9304 -4.179
-26.827 24.9343 -4.1799
-26.7872 24.9334 -4.17992
-26.484 25.1341 -4.1665
-26.3135 25.2919 -4.17135
-26.2638 25.3431 -4.16172
-26.2649 25.3853 -4.1604
-26.0532 25.7089 -4.16979
-26.0613 25.8079 -4.16211
-27.5458 26.6192 -4.17462
-27.5983 26.62 -4.17463
-26.3389 26.6387 -4.17232
-27.4963 26.6683 -4.16799
-26.3969 26.6972 -4.16441
-27.4468 26.7154 -4.16165
-27.4344 26.7506 -4.17637
-27.3842 26.7832 -4.17234
-27.3319 26.7824 -4.17277
-26.5998 26.7837 -4.17831
-27.4241 26.8042 -4.16851
-27.2815 26.8096 -4.16947
-26.6539 26.8043 -4.17507
-27.2306 26.828 -4.16737
-26.708 26.8252 -4.17181
-27.1797 26.8464 -4.16526
-27.1285 26.8597 -4.16387
-26.8675 26.8584 -4.16604
-26.8147 26.8512 -4.16745
-26.7624 26.8504 -4.168
-27.0767 26.8653 -4.16349
-27.0245 26.8646 -4.16399
-26.9728 26.8703 -4.16362
-26.9202 26.8653 -4.1647
-26.5702 26.8649 -4.1624
-26.7891 26.8827 -4.1726
-26.6493 26.8982 -4.17399
-26.789 26.9252 -4.17179
-26.4024 25.1914 -4.15208
-26.2625 25.3857 -4.16
-26.2142 25.4364 -4.15065
-26.1715 25.4859 -4.14222
-26.0687 25.9075 -4.15414
-26.5054 26.7351 -4.15915
-26.4529 26.7343 -4.15936
-27.3965 26.7479 -4.15725
-26.4252 26.7554 -4.14247
-27.2941 26.7796 -4.15291
-27.3463 26.7804 -4.15286
-26.5619 26.7803 -4.15305
-26.4251 26.7975 -4.14131
-27.2436 26.8068 -4.14923
-26.616 26.801 -4.15021
-27.1927 26.8251 -4.14676
-26.6701 26.822 -4.14735
-26.4929 26.8316 -4.15109
-26.4796 26.8332 -4.14895
-27.2953 26.8518 -4.15598
-27.1418 26.8435 -4.14429
-27.0906 26.8567 -4.14252
-26.8296 26.8552 -4.14277
-26.7768 26.848 -4.14379
-26.7245 26.8472 -4.14395
-26.6516 26.8557 -4.15142
-27.0389 26.8623 -4.14176
-26.9866 26.8615 -4.14187
-26.9349 26.8672 -4.14112
-26.8824 26.8622 -4.14181
-27.168 26.8983 -4.14374
-27.058 24.9469 -4.12393
-27.4385 25.1645 -4.12165
-27.5827 25.2171 -4.13806
-26.3169 25.2491 -4.13705
-26.2671 25.3004 -4.1278
-26.267 25.3428 -4.12658
-26.141 25.5332 -4.13579
-26.1108 25.5804 -4.12943
-26.0844 25.6268 -4.12369
-26.0844 25.6688 -4.12224
-27.8952 25.7706 -4.13574
-26.0341 26.0599 -4.13917
-26.0646 26.1292 -4.13533
-26.1011 26.191 -4.13252
-26.1376 26.2525 -4.12972
-26.1386 26.3586 -4.12095
-26.1902 26.5628 -4.13
-26.2745 26.6478 -4.12169
-26.3122 26.6851 -4.1266
-26.3709 26.7199 -4.13489
-26.4886 26.7899 -4.12698
-26.5725 26.8224 -4.13959
-26.9041 26.8998 -4.12615
-26.8231 26.8927 -4.12139
-27.0754 26.904 -4.13715
-26.983 26.9099 -4.13054
-26.2175 25.3937 -4.11741
-26.1747 25.4433 -4.10935
-26.1443 25.4906 -4.10327
-26.0338 25.5681 -4.10358
-25.9925 25.5671 -4.10375
-27.8686 25.6383 -4.11211
-26.0679 25.7135 -4.11815
-26.0515 25.758 -4.11407
-26.0325 25.8029 -4.10958
-26.0271 25.8456 -4.10733
-26.0275 25.8874 -4.10601
-26.0221 25.93 -4.10377
-26.0168 25.9726 -4.10156
-26.0169 26.0143 -4.10022
-26.0746 26.298 -4.10044
-26.0892 26.3377 -4.10153
-26.0539 26.3417 -4.10075
-26.0891 26.3794 -4.10028
-26.1837 26.4089 -4.11967
-26.1166 26.4175 -4.10346
-26.2287 26.4594 -4.11838
-26.1417 26.4558 -4.1063
-26.1669 26.4943 -4.10913
-26.1962 26.5323 -4.11263
-26.2489 26.5406 -4.11295
-26.1961 26.5741 -4.11142
-26.3012 26.582 -4.11291
-26.2367 26.6107 -4.11679
-26.3551 26.6212 -4.11312
-26.3147 26.6426 -4.10249
-26.3733 26.6774 -4.11103
-26.3884 26.686 -4.10995
-26.4475 26.7189 -4.11108
-26.4276 26.7129 -4.11887
-26.5091 26.7488 -4.11264
-26.4275 26.755 -4.11802
-26.5552 26.7977 -4.11162
-27.0212 26.8304 -4.10286
-26.6177 26.8268 -4.11331
-26.6905 26.8433 -4.11673
-26.7507 26.8752 -4.11806
-27.3591 25.0508 -4.08798
-27.2322 25.0542 -4.09547
-27.1516 25.0589 -4.08898
-26.0982 25.4393 -4.08038
-27.8402 25.5272 -4.09224
-27.7998 25.5263 -4.09194
-26.114 25.5378 -4.09725
-26.0876 25.5842 -4.09185
-26.0875 25.6263 -4.09071
-26.0709 25.6709 -4.08694
-26.0545 25.7155 -4.08319
-26.0155 26.0145 -4.09999
-26.0218 26.0553 -4.09969
-26.02 26.0556 -4.09939
-26.0256 26.0965 -4.09898
-26.0255 26.1382 -4.09766
-26.0303 26.1792 -4.09713
-26.0456 26.2187 -4.09829
-26.0607 26.2583 -4.09946
-26.0595 26.2585 -4.09926
-26.0623 26.2675 -4.09534
-26.1443 26.4134 -4.08052
-26.1694 26.4519 -4.08363
-26.202 26.4894 -4.08795
-26.1953 26.4903 -4.08687
-26.2019 26.5312 -4.08705
-26.1952 26.5321 -4.08597
-26.2391 26.5683 -4.09214
-26.2769 26.6054 -4.09732
-27.2071 26.7997 -4.08186
-27.0224 25.0184 -4.07485
-26.8592 25.0245 -4.0615
-26.9619 25.0411 -4.0715
-27.4928 25.1256 -4.07154
-27.7366 25.3705 -4.06407
-27.7685 25.4448 -4.07735
-26.0355 25.7605 -4.07904
-26.0301 25.8031 -4.0771
-26.0304 25.8449 -4.07608
-26.0251 25.8876 -4.07416
-26.0197 25.9301 -4.07226
-26.019 25.972 -4.0711
-26.0237 26.013 -4.07084
-26.0284 26.0541 -4.07058
-26.0283 26.0958 -4.06956
-26.0331 26.1368 -4.06933
-26.0483 26.1763 -4.07079
-26.0628 26.216 -4.07214
-26.0773 26.2556 -4.07352
-26.0919 26.2953 -4.07489
-26.0917 26.337 -4.07394
-26.1192 26.375 -4.07741
-27.3089 26.7598 -4.07061
-26.808 25.0555 -4.05962
-26.7184 25.0505 -4.05166
-26.6764 25.09 -4.05124
-26.5925 25.0899 -4.04418
-26.5574 25.1357 -4.04487
-27.5926 25.1943 -4.05908
-26.4521 25.1941 -4.0407
-27.669 25.2598 -4.04422
-27.6504 25.2557 -4.0515
-27.6289 25.2589 -4.04397
-26.2131 25.2538 -4.04684
-27.7027 25.315 -4.0541
-27.6494 25.3074 -4.05078
-26.1595 25.3259 -4.05993
-27.7135 25.3695 -4.04251
-26.0973 25.5694 -4.04134
-26.0614 25.6147 -4.04204
-26.0335 25.6678 -4.04405
-26.0214 25.7366 -4.04864
-27.9659 25.7801 -4.04529
-25.994 25.7904 -4.05077
-25.9892 25.8667 -4.05659
-27.5611 26.5839 -4.04361
-27.4848 26.626 -4.05187
-27.4838 26.6773 -4.05144
-27.4142 26.7205 -4.05896
-26.6464 25.1024 -4.02452
-26.6399 25.1036 -4.02351
-27.5238 25.135 -4.02181
-26.4872 25.1483 -4.03998
-26.3543 25.1436 -4.02644
-26.3139 25.1427 -4.02654
-27.5591 25.1734 -4.02866
-26.2655 25.1873 -4.03475
-27.5945 25.2118 -4.03553
-26.3885 25.2127 -4.03686
-26.3304 25.2364 -4.03389
-26.3015 25.2881 -4.03563
-26.248 25.3162 -4.03343
-26.2245 25.3731 -4.03603
-26.1774 25.4073 -4.03489
-27.7485 25.4267 -4.03763
-26.1511 25.4617 -4.03709
-27.7836 25.4839 -4.03273
-26.1151 25.5067 -4.03774
-27.817 25.5406 -4.02808
-27.816 25.5918 -4.02741
-27.8349 25.6461 -4.02445
-27.8534 25.7003 -4.02154
-27.9298 25.7778 -4.02995
-27.7719 26.3033 -4.02276
-27.7393 26.3501 -4.02591
-27.707 26.3971 -4.02904
-27.706 26.4482 -4.02856
-27.6583 26.4934 -4.0335
-27.6097 26.5386 -4.03854
-27.0104 26.9845 -4.0223
-26.5787 25.0102 -4.00158
-26.5386 25.0092 -4.00162
-27.3386 25.0207 -4.00143
-26.4938 25.0362 -4.00664
-27.3751 25.0464 -4.006
-27.4516 25.073 -4.01073
-27.4118 25.0721 -4.01054
-26.4489 25.0633 -4.01168
-27.4883 25.0988 -4.01534
-26.4024 25.0993 -4.01831
-27.8689 25.7539 -4.019
-27.8741 25.8059 -4.01767
-27.8791 25.8578 -4.01635
-27.8781 25.9088 -4.01576
-27.8754 25.9596 -4.01537
-27.8683 26.0097 -4.0155
-27.8613 26.0598 -4.01564
-27.8423 26.1083 -4.01716
-27.9285 26.1318 -4.00125
-27.8413 26.1593 -4.01662
-27.8221 26.2078 -4.01821
-26.0725 26.2345 -4.00125
-27.8028 26.2563 -4.0198
-27.0184 26.9427 -4.00122
-27.0709 24.9364 -3.98678
-27.0318 24.9306 -3.98583
-26.992 24.9297 -3.98576
-26.9529 24.924 -3.98485
-26.9125 24.9273 -3.98556
-26.8719 24.9312 -3.98637
-26.8314 24.9349 -3.98716
-26.7915 24.934 -3.98714
-26.7508 24.9378 -3.98799
-27.1484 24.9527 -3.98953
-27.1099 24.9421 -3.98772
-26.7077 24.9573 -3.99162
-27.1861 24.9681 -3.9922
-26.6653 24.9716 -3.99432
-27.3015 24.9997 -3.99771
-27.2637 24.9843 -3.995
-27.2239 24.9834 -3.99486
-26.6228 24.9858 -3.99706
-26.6467 25.0615 -3.98832
-26.4776 25.1757 -3.9968
-26.3962 25.233 -3.98269
-27.8923 26.1295 -3.98569
-27.8831 26.2943 -3.98101
-27.8302 26.2936 -3.98131
-27.6418 26.5929 -3.9852
-26.7877 26.9235 -3.99034
-27.0069 26.9439 -3.99948
-26.7876 26.9661 -3.98926
-26.483 25.134 -3.96194
-26.4792 25.1347 -3.96136
-26.2747 25.1463 -3.97215
-26.3119 25.2905 -3.96811
-26.0363 26.2308 -3.97205
-27.847 26.292 -3.96514
-27.794 26.2912 -3.96505
-27.7881 26.3948 -3.96084
-27.7834 26.4145 -3.96632
-26.1958 26.4026 -3.97898
-26.1426 26.4018 -3.97961
-26.2579 26.4958 -3.96671
-26.7899 26.8824 -3.96795
-26.6496 26.8965 -3.97028
-26.7898 26.9249 -3.96718
-26.5906 25.0018 -3.94026
-26.3996 25.1917 -3.94796
-26.2621 25.3417 -3.95893
-26.2638 25.3838 -3.95774
-26.2593 25.3846 -3.95705
-26.212 25.435 -3.94826
-26.1696 25.4845 -3.94027
-27.8905 26.2319 -3.94199
-26.1596 26.3989 -3.95071
-26.1064 26.3981 -3.95095
-27.7473 26.4121 -3.94973
-27.7345 26.4869 -3.95743
-27.6984 26.4845 -3.94049
-27.6863 26.5689 -3.94735
-26.319 26.5815 -3.95539
-27.6365 26.6187 -3.94134
-27.5841 26.6179 -3.94169
-26.3773 26.6409 -3.94741
-26.4249 26.7538 -3.94024
-26.4938 26.8299 -3.94859
-26.4792 26.8315 -3.94636
-26.6519 26.8554 -3.94771
-26.5705 26.8632 -3.95924
-26.7519 24.9667 -3.92672
-26.3153 25.2492 -3.93381
-26.2654 25.3004 -3.925
-26.2649 25.343 -3.92378
-26.1412 25.5315 -3.93445
-26.1375 25.5321 -3.93388
-26.1092 25.579 -3.92808
-26.0829 25.6254 -3.92263
-26.0828 25.6674 -3.92123
-27.8992 25.7743 -3.9387
-27.9392 26.0294 -3.92376
-27.9179 26.128 -3.93248
-26.2218 26.4922 -3.9389
-27.6502 26.5664 -3.93007
-26.2829 26.578 -3.92805
-27.6005 26.6161 -3.9237
-27.548 26.6153 -3.92367
-26.3412 26.6374 -3.9205
-26.274 26.6462 -3.92047
-27.5345 26.667 -3.93577
-26.4353 26.6987 -3.93963
-26.3118 26.6835 -3.92514
-27.485 26.7145 -3.93007
-26.3707 26.7182 -3.93304
-26.5438 26.7369 -3.93388
-26.4912 26.7361 -3.93444
-27.4347 26.7471 -3.92626
-27.3845 26.7792 -3.9225
-27.3322 26.7785 -3.92289
-26.6001 26.7814 -3.92782
-26.4888 26.7897 -3.92442
-26.4248 26.7958 -3.93912
-26.6543 26.8021 -3.92477
-26.7084 26.823 -3.9217
-26.5727 26.8222 -3.93643
-26.958 24.8989 -3.90782
-27.0325 24.9252 -3.9046
-27.1068 24.9516 -3.90141
-26.2152 25.3939 -3.91502
-26.1729 25.4434 -3.90739
-26.1426 25.4907 -3.90164
-26.0388 25.5656 -3.90507
-25.9976 25.5646 -3.90518
-27.8726 25.642 -3.91607
-27.9274 25.7118 -3.90114
-26.0663 25.712 -3.91731
-26.0499 25.7566 -3.9134
-27.9479 25.7774 -3.90461
-26.0311 25.8015 -3.90915
-27.9514 25.8561 -3.91016
-26.0259 25.8441 -3.907
-26.0264 25.8859 -3.90575
-27.9548 25.9353 -3.91578
-26.023 25.9282 -3.90391
-26.019 25.9288 -3.90329
-26.0157 25.9711 -3.90147
-26.0164 26.0127 -3.90028
-26.0738 26.2965 -3.90033
-26.0883 26.3362 -3.90134
-26.0895 26.3777 -3.90032
-26.116 26.4159 -3.90319
-26.141 26.4543 -3.90585
-26.1662 26.4927 -3.90854
-26.1957 26.5307 -3.9119
-26.1956 26.5724 -3.91073
-26.2361 26.6091 -3.91581
-26.3142 26.6425 -3.90102
-27.4985 26.6644 -3.91738
-26.3731 26.6773 -3.90918
-26.3992 26.6953 -3.91316
-27.449 26.7119 -3.91133
-26.4272 26.7128 -3.91663
-26.5077 26.7335 -3.90821
-26.4552 26.7327 -3.90839
-27.3987 26.7444 -3.90715
-26.4271 26.7548 -3.91582
-27.3485 26.7765 -3.90302
-27.2962 26.7757 -3.90303
-26.5641 26.7781 -3.90258
-27.2819 26.8064 -3.9197
-27.2309 26.8249 -3.9177
-27.18 26.8432 -3.9157
-27.18 26.8432 -3.91567
-27.1288 26.8568 -3.91435
-26.8678 26.8558 -3.91633
-26.815 26.8486 -3.91765
-26.7627 26.8478 -3.91815
-27.0771 26.8625 -3.91399
-27.0249 26.8617 -3.91444
-26.9731 26.8674 -3.9141
-26.9206 26.8628 -3.91506
-27.2401 24.9348 -3.89113
-27.2992 24.9719 -3.88976
-27.3589 25.0082 -3.8883
-27.4066 25.0534 -3.88831
-27.5034 25.0623 -3.88239
-27.5477 25.1096 -3.8828
-27.5859 25.1616 -3.88397
-27.698 25.2388 -3.88199
-27.7279 25.2967 -3.88418
-27.7578 25.3548 -3.88639
-27.8156 25.392 -3.88522
-26.1032 25.4368 -3.88293
-27.8377 25.4559 -3.88839
-27.7726 25.4473 -3.8825
-27.8545 25.5234 -3.89337
-27.8038 25.529 -3.89653
-26.1123 25.5379 -3.8959
-27.9004 25.5701 -3.89255
-26.086 25.5843 -3.89078
-26.0859 25.6263 -3.88969
-27.9137 25.641 -3.89685
-26.0694 25.671 -3.8861
-26.053 25.7156 -3.88252
-26.014 26.0131 -3.89992
-26.0212 26.0537 -3.89973
-26.0186 26.0541 -3.89932
-26.0246 26.095 -3.89899
-26.0245 26.1367 -3.8977
-26.0294 26.1777 -3.89719
-26.0448 26.2172 -3.89833
-26.0603 26.2567 -3.89947
-26.0583 26.257 -3.89916
-26.0868 26.3781 -3.89991
-26.1436 26.4133 -3.88007
-26.1688 26.4517 -3.88304
-26.2016 26.4893 -3.88719
-26.1949 26.4901 -3.88616
-26.2015 26.5311 -3.88632
-26.1948 26.5319 -3.88529
-26.2386 26.5682 -3.89115
-26.2764 26.6053 -3.89608
-26.6182 26.7988 -3.89993
-27.2458 26.8036 -3.89947
-26.6724 26.8198 -3.89726
-27.1949 26.822 -3.89711
-27.144 26.8403 -3.89474
-27.0928 26.8538 -3.89301
-27.041 26.8595 -3.89226
-26.9888 26.8587 -3.89233
-26.8846 26.8597 -3.89219
-26.8318 26.8527 -3.89306
-26.779 26.8454 -3.89399
-26.7267 26.8446 -3.89411
-26.9371 26.8643 -3.89161
-27.0673 24.9491 -3.873
-27.668 25.1808 -3.87982
-27.7069 25.3171 -3.86011
-27.6697 25.32 -3.87808
-26.1642 25.3249 -3.86367
-27.7407 25.3724 -3.86965
-26.0775 25.5671 -3.86022
-26.0342 25.7604 -3.87859
-26.0288 25.8031 -3.87676
-26.0294 25.8449 -3.87582
-26.0239 25.8875 -3.87398
-26.0186 25.9301 -3.87216
-26.0181 25.9719 -3.8711
-26.0227 26.013 -3.87082
-26.0274 26.054 -3.87058
-26.0273 26.0957 -3.86961
-26.0322 26.1367 -3.86939
-26.0476 26.1762 -3.87081
-26.062 26.2159 -3.87209
-26.0765 26.2555 -3.87339
-26.0909 26.2952 -3.87469
-26.0908 26.337 -3.87377
-26.1186 26.3749 -3.87712
-27.5712 26.7347 -3.86056
-27.4362 25.1624 -3.84144
-27.5896 25.2143 -3.84947
-26.2178 25.2527 -3.85117
-27.6731 25.2618 -3.85059
-27.6331 25.2608 -3.85031
-27.8439 25.6237 -3.85007
-26.051 25.7108 -3.84743
-26.0581 25.8111 -3.84004
-26.1887 26.5613 -3.84936
-27.4311 26.7951 -3.84734
-27.0201 26.8311 -3.85477
-27.3648 25.0523 -3.8398
-26.4069 25.0989 -3.82417
-27.4925 25.1001 -3.82267
-27.5279 25.1367 -3.82896
-27.4971 25.1269 -3.82459
-26.3589 25.1432 -3.8319
-26.3184 25.1423 -3.83196
-27.5632 25.1751 -3.83556
-26.2701 25.187 -3.83977
-26.067 25.9087 -3.83298
-26.0527 26.3404 -3.82204
-27.3091 26.7606 -3.82446
-27.2073 26.8005 -3.83499
-27.2998 26.8455 -3.83544
-27.1711 26.8936 -3.82387
-27.1903 24.9693 -3.8002
-26.6697 24.9718 -3.80156
-27.2679 24.9854 -3.80295
-27.2281 24.9845 -3.80278
-26.6272 24.986 -3.80413
-27.3057 25.0009 -3.80558
-26.5831 25.0102 -3.80839
-26.543 25.0092 -3.80839
-27.3428 25.022 -3.80921
-26.4982 25.0363 -3.81315
-27.3793 25.0477 -3.81362
-27.2302 25.0523 -3.817
-27.1498 25.0572 -3.81097
-27.4558 25.0743 -3.81822
-27.416 25.0734 -3.818
-26.4533 25.0634 -3.81793
-26.6446 25.101 -3.81898
-26.6334 25.103 -3.81733
-27.596 25.1954 -3.81305
-27.6538 25.2569 -3.80599
-27.6528 25.3085 -3.80532
-26.027 26.0679 -3.81823
-26.0638 26.1295 -3.81562
-26.1002 26.1912 -3.81299
-26.1368 26.2527 -3.8104
-26.061 26.2662 -3.81698
-26.1384 26.3577 -3.80237
-26.1838 26.4079 -3.80129
-26.2292 26.4579 -3.80005
-27.4857 26.6268 -3.80685
-27.4847 26.6782 -3.80645
-27.4151 26.7214 -3.81349
-26.7527 26.8719 -3.80009
-27.0786 26.8992 -3.81776
-26.9068 26.8958 -3.80749
-26.8254 26.889 -3.80304
-26.9862 26.9053 -3.81163
-27.0218 26.9816 -3.81801
-27.0045 26.9835 -3.81549
-27.0751 24.9373 -3.79485
-27.036 24.9316 -3.79392
-26.9962 24.9307 -3.79381
-26.9572 24.925 -3.7929
-26.9168 24.9279 -3.79348
-26.8762 24.9318 -3.79422
-26.8357 24.9355 -3.79494
-26.7958 24.9346 -3.79488
-26.7551 24.9384 -3.79565
-27.1525 24.9538 -3.7976
-27.1142 24.9429 -3.79576
-26.7121 24.9575 -3.79901
-27.0207 25.0168 -3.79775
-26.9597 25.0391 -3.79456
-26.8571 25.0225 -3.78522
-26.8063 25.0539 -3.78352
-26.6481 25.0611 -3.78328
-26.6369 25.0631 -3.78164
-26.4749 25.1745 -3.7925
-27.7166 25.3706 -3.79763
-27.7515 25.4278 -3.79308
-27.7867 25.485 -3.78851
-27.8197 25.5416 -3.7842
-27.8188 25.5929 -3.78358
-27.8376 25.6472 -3.78083
-27.9659 25.7659 -3.78978
-25.9878 25.8653 -3.78073
-27.7411 26.3511 -3.78242
-27.7085 26.3981 -3.78539
-27.7076 26.4491 -3.78495
-27.6594 26.4943 -3.78961
-27.6113 26.5395 -3.7943
-26.2491 26.5395 -3.79495
-27.5625 26.5848 -3.79905
-26.3017 26.5805 -3.79495
-26.3562 26.6191 -3.79526
-26.3894 26.6839 -3.79227
-26.4485 26.7168 -3.79331
-26.5104 26.7464 -3.79478
-26.5565 26.7952 -3.79383
-26.6926 26.8399 -3.79869
-26.6197 26.8234 -3.79552
-26.7524 26.8722 -3.79984
-26.7885 26.9217 -3.78614
-27.024 26.9419 -3.79604
-27.0067 26.9438 -3.79354
-26.7884 26.9643 -3.7851
-26.7169 25.0491 -3.77611
-26.6747 25.0884 -3.77569
-26.5908 25.0883 -3.76909
-26.5557 25.1341 -3.76973
-26.4855 25.1467 -3.76516
-26.4507 25.1928 -3.76586
-26.3869 25.2111 -3.76224
-26.3934 25.2317 -3.77905
-26.3097 25.2891 -3.76528
-26.2999 25.2865 -3.76109
-26.223 25.3717 -3.76151
-26.176 25.4059 -3.76043
-26.1497 25.4603 -3.76249
-26.1135 25.5051 -3.76307
-26.0957 25.5679 -3.76643
-26.0596 25.6129 -3.76706
-26.0317 25.666 -3.76894
-27.8562 25.7013 -3.77812
-26.02 25.7352 -3.7733
-27.8713 25.7549 -3.77579
-27.9316 25.7637 -3.77445
-25.9926 25.789 -3.77528
-27.8764 25.8069 -3.77455
-27.8816 25.8588 -3.77333
-27.8806 25.9098 -3.77278
-27.8775 25.9606 -3.77247
-27.8705 26.0107 -3.77259
-27.8634 26.0608 -3.77273
-27.8442 26.1092 -3.77421
-27.8432 26.1602 -3.7737
-27.8239 26.2087 -3.77519
-27.8046 26.2572 -3.7767
-27.7736 26.3042 -3.77946
-26.7908 26.8821 -3.76375
-26.6497 26.8948 -3.767
-26.7906 26.9246 -3.76302
-26.4783 25.1346 -3.75735
-26.3968 25.1919 -3.74432
-26.3285 25.2346 -3.75944
-26.2466 25.3148 -3.75907
-26.2631 25.3398 -3.757
-26.257 25.3408 -3.7561
-26.263 25.3822 -3.75559
-26.2569 25.3833 -3.75468
-26.2103 25.4336 -3.74644
-27.9032 25.7775 -3.74207
-27.9287 26.1244 -3.74758
-26.0732 26.2356 -3.74633
-26.4944 26.8281 -3.74649
-26.4788 26.8299 -3.74422
-26.6519 26.8552 -3.74442
-26.5707 26.8615 -3.75655
-26.313 25.2494 -3.73097
-26.2634 25.3006 -3.72262
-26.2633 25.343 -3.72152
-26.1683 25.483 -3.73888
-26.1402 25.53 -3.73337
-26.1349 25.5309 -3.73259
-26.1073 25.5776 -3.72719
-26.0833 25.6236 -3.72231
-26.0797 25.6242 -3.72177
-27.8767 25.6454 -3.72041
-26.0832 25.6656 -3.72096
-26.0796 25.6662 -3.72042
-27.8944 26.1221 -3.73203
-27.8834 26.289 -3.72831
-27.8304 26.2882 -3.72858
-26.1963 26.4019 -3.72562
-26.1431 26.4011 -3.7262
-26.3113 26.6818 -3.72411
-26.3705 26.7166 -3.73165
-26.4246 26.7521 -3.73847
-26.4888 26.7895 -3.7223
-26.4246 26.7942 -3.73739
-26.5729 26.8219 -3.73372
-26.2136 25.3939 -3.7132
-26.1715 25.4434 -3.70599
-26.1434 25.4903 -3.70083
-26.1381 25.4912 -3.70006
-27.8484 25.5323 -3.70186
-27.808 25.5313 -3.70151
-26.0438 25.5632 -3.70712
-26.0026 25.5623 -3.70719
-26.0649 25.7106 -3.71696
-26.0485 25.7551 -3.71323
-26.0313 25.7998 -3.70941
-26.0287 25.8002 -3.70902
-26.0246 25.8426 -3.70714
-26.0252 25.8844 -3.70594
-26.0226 25.9266 -3.70429
-26.0172 25.9274 -3.7035
-26.0145 25.9696 -3.70184
-26.0142 26.0114 -3.70055
-26.0207 26.0521 -3.70027
-26.0389 26.2319 -3.71714
-27.8491 26.2867 -3.71245
-27.7962 26.2859 -3.71233
-26.073 26.2949 -3.70067
-26.0875 26.3346 -3.70162
-26.0875 26.3763 -3.70045
-27.7837 26.4099 -3.71439
-26.1151 26.4143 -3.70333
-26.1412 26.4526 -3.70599
-26.1396 26.4528 -3.70576
-27.7348 26.4823 -3.70603
-26.2584 26.4951 -3.71409
-26.1656 26.4911 -3.70843
-26.1952 26.529 -3.71161
-26.1951 26.5708 -3.71048
-26.3194 26.5802 -3.70353
-26.2357 26.6075 -3.71529
-26.2735 26.6446 -3.71971
-26.3729 26.6771 -3.70778
-26.427 26.7126 -3.71485
-26.4269 26.7546 -3.71408
-26.1082 25.4344 -3.68603
-27.7767 25.4496 -3.68807
-26.138 25.4913 -3.7
-26.1105 25.5379 -3.695
-26.0846 25.5843 -3.6902
-26.0845 25.6263 -3.68915
-26.068 25.671 -3.68574
-26.0515 25.7156 -3.68235
-26.0169 26.0527 -3.6997
-26.0236 26.0934 -3.69946
-26.0236 26.1351 -3.69823
-26.0282 26.1762 -3.6977
-26.044 26.2156 -3.6988
-26.0584 26.2552 -3.69972
-26.162 26.3983 -3.69735
-26.1088 26.3975 -3.69754
-27.7495 26.4075 -3.6978
-26.1429 26.4132 -3.68009
-26.1681 26.4516 -3.68292
-27.7006 26.4799 -3.6891
-26.2241 26.4916 -3.68629
-26.201 26.4891 -3.68685
-26.1944 26.49 -3.6859
-26.2008 26.5309 -3.68603
-26.1943 26.5318 -3.68508
-27.6866 26.5646 -3.69651
-26.2382 26.568 -3.69063
-27.6368 26.614 -3.69089
-27.5844 26.6132 -3.69122
-26.276 26.6051 -3.69532
-26.3777 26.6392 -3.69608
-26.3137 26.6423 -3.69999
-27.5348 26.6628 -3.6856
-26.4357 26.6968 -3.68881
-27.4854 26.7109 -3.68016
-26.5442 26.735 -3.68341
-26.4916 26.7342 -3.68394
-27.711 25.319 -3.66654
-26.1689 25.3238 -3.66789
-27.7449 25.3743 -3.67569
-26.033 25.7604 -3.67866
-26.0276 25.8031 -3.6769
-26.0281 25.8448 -3.676
-26.0228 25.8875 -3.67427
-26.0174 25.9301 -3.67252
-26.0171 25.9719 -3.67154
-26.0236 26.0126 -3.67156
-26.0198 26.0132 -3.67099
-26.0264 26.0539 -3.67105
-26.0263 26.0956 -3.67013
-26.031 26.1367 -3.6699
-26.0467 26.1761 -3.67128
-26.0625 26.2156 -3.67269
-26.0597 26.216 -3.67229
-26.0756 26.2554 -3.67373
-26.0902 26.2951 -3.67497
-26.0901 26.3368 -3.67411
-26.1177 26.3748 -3.67727
-27.6524 26.5622 -3.67924
-26.2852 26.5767 -3.67619
-27.6333 26.6066 -3.67301
-27.6026 26.6115 -3.67326
-27.5502 26.6107 -3.6732
-26.3435 26.6358 -3.66918
-27.5006 26.6602 -3.66722
-26.4015 26.6934 -3.66235
-27.4512 26.7083 -3.66143
-27.4351 26.7434 -3.67656
-27.3848 26.7757 -3.67303
-27.3326 26.7749 -3.67339
-26.6005 26.7792 -3.67777
-26.6547 26.7998 -3.67491
-27.2822 26.8032 -3.67033
-27.2313 26.8216 -3.66845
-27.1804 26.84 -3.66658
-26.7088 26.8208 -3.67203
-27.1804 26.8401 -3.66653
-27.1292 26.8538 -3.66526
-27.0774 26.8596 -3.6649
-27.0252 26.8588 -3.66533
-26.8682 26.8529 -3.66708
-26.8154 26.846 -3.66826
-26.7631 26.8453 -3.66874
-26.9735 26.8645 -3.665
-26.921 26.8602 -3.66586
-26.2964 25.1377 -3.6549
-27.5674 25.1765 -3.64286
-26.2746 25.1866 -3.64529
-27.6028 25.215 -3.64923
-26.2225 25.2518 -3.65603
-27.6772 25.2639 -3.65744
-27.6372 25.2629 -3.65714
-27.7859 26.4035 -3.64968
-26.51 26.7316 -3.65775
-26.4574 26.7308 -3.65789
-27.4009 26.7408 -3.65746
-27.3506 26.773 -3.65356
-27.2984 26.7722 -3.65355
-26.5663 26.7759 -3.65253
-26.6205 26.7965 -3.65007
-27.248 26.8004 -3.65012
-27.1971 26.8188 -3.64786
-26.6746 26.8176 -3.64759
-27.1462 26.8371 -3.64562
-27.095 26.8509 -3.64392
-27.0432 26.8566 -3.64319
-26.991 26.8558 -3.64323
-26.8868 26.8571 -3.64299
-26.834 26.8498 -3.64382
-26.7812 26.8429 -3.64462
-26.7289 26.8421 -3.64471
-26.9393 26.8615 -3.64252
-27.078 24.9515 -3.62245
-26.6018 25.0004 -3.6267
-26.5027 25.0364 -3.62016
-27.3835 25.0491 -3.62169
-27.46 25.0757 -3.62618
-27.4201 25.0748 -3.62593
-26.4578 25.0634 -3.62468
-26.4128 25.0906 -3.62922
-27.4967 25.1015 -3.63047
-27.5321 25.1382 -3.63654
-26.3634 25.143 -3.63786
-26.323 25.142 -3.63788
-27.9182 26.1347 -3.62302
-27.8908 26.2386 -3.6319
-27.0793 24.9381 -3.60338
-27.0005 24.9315 -3.60231
-26.9614 24.9258 -3.6014
-26.921 24.9285 -3.60187
-26.8805 24.9324 -3.60254
-26.8399 24.9361 -3.60318
-26.8001 24.9352 -3.60309
-26.7594 24.939 -3.60378
-27.1567 24.955 -3.60614
-26.7164 24.9579 -3.60692
-27.1945 24.9702 -3.60864
-26.7601 24.9676 -3.61464
-26.674 24.9722 -3.60932
-27.2721 24.9866 -3.61136
-27.2323 24.9857 -3.61117
-26.6316 24.9865 -3.61173
-27.3099 25.0018 -3.61389
-26.5875 25.0105 -3.61572
-26.5474 25.0095 -3.61568
-27.3469 25.0234 -3.61745
-26.6428 25.0996 -3.61393
-26.6268 25.1025 -3.61169
-27.9539 25.8612 -3.60191
-27.9561 25.9413 -3.60733
-27.9405 26.0353 -3.61478
-27.019 26.8318 -3.60704
-27.0273 26.9793 -3.61317
-27.0043 26.9818 -3.61
-26.964 24.9012 -3.59749
-27.2461 24.9373 -3.58237
-27.0389 24.9274 -3.5947
-27.1132 24.9536 -3.59199
-27.3048 24.9745 -3.58123
-27.3639 25.0113 -3.58005
-27.4116 25.0564 -3.58013
-27.3698 25.0538 -3.59217
-26.472 25.1732 -3.58866
-27.8412 25.4601 -3.58118
-27.863 25.5244 -3.58425
-27.9032 25.5748 -3.58526
-27.9165 25.6457 -3.58932
-27.9302 25.7165 -3.59337
-27.95 25.7826 -3.59673
-27.2076 26.8013 -3.58851
-26.7945 26.9193 -3.5831
-26.7841 26.9205 -3.58165
-27.0295 26.9411 -3.59119
-27.0065 26.9436 -3.58804
-26.7893 26.9625 -3.58137
-27.5084 25.0653 -3.57477
-26.6463 25.0611 -3.57822
-26.6303 25.064 -3.576
-27.5521 25.1132 -3.5753
-27.5012 25.1282 -3.57813
-27.5902 25.165 -3.57647
-27.4338 25.1602 -3.5617
-27.6721 25.1845 -3.57276
-27.5997 25.1966 -3.56744
-27.578 25.2128 -3.57597
-26.3907 25.2305 -3.57591
-27.7021 25.2425 -3.57485
-27.6575 25.2581 -3.56088
-26.3075 25.2878 -3.56291
-27.732 25.3005 -3.57696
-27.6565 25.3097 -3.56027
-27.7618 25.3585 -3.57909
-27.8192 25.396 -3.57813
-26.1873 26.5598 -3.56919
-27.4866 26.6277 -3.56223
-27.4856 26.679 -3.56186
-27.4159 26.7222 -3.56843
-27.3093 26.7614 -3.5787
-26.7968 26.8812 -3.56069
-26.6499 26.8931 -3.56416
-26.4755 25.1349 -3.5535
-26.3941 25.1922 -3.54118
-26.2621 25.3382 -3.55521
-26.2537 25.3397 -3.55404
-27.7196 25.3717 -3.55319
-26.262 25.3807 -3.55385
-26.2536 25.3821 -3.55267
-27.7549 25.429 -3.54893
-26.2128 25.4315 -3.54565
-26.1943 25.4347 -3.54306
-27.7901 25.4861 -3.5447
-27.8224 25.5427 -3.54075
-27.8214 25.5939 -3.5402
-27.9072 25.7815 -3.54594
-26.051 26.3388 -3.54375
-27.7103 26.399 -3.54212
-27.7093 26.4501 -3.54172
-27.661 26.4952 -3.5461
-27.6125 26.5404 -3.5505
-27.5637 26.5857 -3.55492
-26.495 26.8263 -3.54482
-26.4783 26.8283 -3.54252
-26.6521 26.855 -3.54157
-26.5734 26.8595 -3.55462
-26.5684 26.8601 -3.55392
-26.7864 26.8824 -3.55926
-26.7914 26.9243 -3.55928
-27.0188 25.015 -3.52111
-27.2282 25.0505 -3.53902
-27.1481 25.0556 -3.53344
-26.3108 25.2495 -3.5286
-26.2654 25.3 -3.52127
-27.6726 25.3171 -3.52494
-26.2654 25.3001 -3.52124
-26.257 25.3014 -3.52011
-26.2653 25.3424 -3.52022
-26.1665 25.4816 -3.53787
-26.1361 25.529 -3.53231
-26.1059 25.5761 -3.5268
-26.0721 25.5732 -3.53693
-26.0825 25.622 -3.52225
-26.078 25.6228 -3.52162
-27.8807 25.649 -3.52523
-27.8403 25.6482 -3.53764
-26.0824 25.6641 -3.52095
-26.0773 25.6649 -3.52024
-27.8589 25.7024 -3.53512
-26.048 25.7139 -3.52547
-27.9658 25.7521 -3.53447
-27.8738 25.7559 -3.533
-27.8789 25.8079 -3.53186
-27.884 25.8598 -3.53073
-25.9837 25.8789 -3.53205
-27.8831 25.9109 -3.53023
-27.8797 25.9615 -3.52998
-27.8726 26.0116 -3.53011
-27.8659 26.0618 -3.53021
-27.846 26.1102 -3.53165
-27.8451 26.1612 -3.53119
-27.8257 26.2096 -3.53259
-27.8065 26.2582 -3.534
-26.0594 26.2646 -3.53904
-27.7752 26.3051 -3.53662
-27.7427 26.352 -3.53938
-26.3109 26.6802 -3.52354
-26.3703 26.7149 -3.5307
-27.5782 26.7257 -3.53885
-26.4244 26.7505 -3.53714
-27.4382 26.7859 -3.52658
-26.4973 26.7883 -3.52175
-26.4243 26.7925 -3.5361
-26.5731 26.8217 -3.53144
-26.958 25.0375 -3.51817
-26.8554 25.0209 -3.50948
-26.8044 25.0521 -3.50787
-26.715 25.0473 -3.50098
-26.6728 25.0866 -3.50058
-26.2569 25.3439 -3.51905
-26.216 25.3933 -3.51239
-26.1975 25.3965 -3.50982
-26.1697 25.4434 -3.50499
-26.1425 25.4902 -3.50022
-27.8525 25.535 -3.50736
-27.812 25.534 -3.50698
-26.0076 25.5597 -3.50968
-26.0488 25.5607 -3.50966
-26.0634 25.7091 -3.51704
-27.9334 25.7499 -3.51915
-26.047 25.7537 -3.51349
-26.0286 25.7985 -3.50969
-25.991 25.7874 -3.50024
-26.0551 25.814 -3.51864
-26.0233 25.8412 -3.50771
-25.9862 25.8637 -3.50531
-25.9512 25.8752 -3.50215
-26.0241 25.8829 -3.50658
-26.0654 25.91 -3.5123
-26.0219 25.925 -3.50507
-26.0153 25.926 -3.50414
-26.0134 25.9681 -3.50266
-26.0132 26.0099 -3.50143
-26.0203 26.0505 -3.50123
-26.0155 26.0512 -3.50056
-26.0226 26.0919 -3.50037
-26.0576 26.2537 -3.50057
-26.0721 26.2934 -3.50145
-26.0867 26.3331 -3.50234
-26.0866 26.3748 -3.50121
-26.1145 26.4127 -3.50395
-26.1408 26.4509 -3.50648
-26.1388 26.4512 -3.5062
-26.1649 26.4895 -3.50873
-26.1948 26.5274 -3.51176
-26.1947 26.5692 -3.51067
-26.2353 26.6059 -3.51523
-26.273 26.643 -3.51938
-26.3726 26.6769 -3.50682
-26.4267 26.7124 -3.51352
-26.4266 26.7545 -3.51279
-26.4806 26.7902 -3.51947
-27.3044 26.8392 -3.51524
-27.174 26.8892 -3.50435
-26.5893 25.0869 -3.4945
-26.554 25.1326 -3.49507
-26.4841 25.1453 -3.49085
-26.449 25.1912 -3.49147
-26.3852 25.2096 -3.48811
-26.3271 25.2332 -3.48553
-26.298 25.2848 -3.48701
-26.2448 25.313 -3.48512
-27.749 25.3764 -3.48221
-26.2212 25.3699 -3.48739
-26.1744 25.4043 -3.48642
-26.1131 25.432 -3.48962
-27.7807 25.4523 -3.49414
-26.1483 25.4589 -3.48837
-26.136 25.4913 -3.49932
-26.1121 25.5037 -3.4889
-26.1091 25.5379 -3.49461
-26.094 25.5663 -3.49201
-26.0833 25.5843 -3.49008
-26.0582 25.6115 -3.49262
-27.8471 25.6212 -3.49944
-26.0829 25.6263 -3.48905
-26.0664 25.671 -3.48582
-26.0303 25.6646 -3.49437
-26.05 25.7156 -3.4826
-26.0184 25.7336 -3.49839
-26.0265 26.0677 -3.49884
-27.9289 26.1169 -3.49425
-26.0629 26.1297 -3.49639
-26.0251 26.1332 -3.49955
-26.0199 26.134 -3.49882
-26.0273 26.1746 -3.49868
-26.0995 26.1912 -3.49408
-26.043 26.2141 -3.49971
-26.0738 26.2363 -3.49191
-26.1325 26.2572 -3.49105
-26.1382 26.3573 -3.4842
-26.1833 26.4076 -3.48309
-26.1423 26.4132 -3.4805
-26.2297 26.4565 -3.48215
-26.1674 26.4515 -3.48321
-26.2005 26.489 -3.48697
-26.194 26.4898 -3.48607
-26.2004 26.5308 -3.48619
-26.1939 26.5316 -3.48529
-26.2377 26.5678 -3.49056
-26.2754 26.605 -3.49498
-26.3132 26.6422 -3.49942
-26.6943 26.8369 -3.481
-26.7546 26.8688 -3.48213
-27.0818 26.8946 -3.49875
-26.9094 26.8917 -3.48922
-26.828 26.8849 -3.48511
-26.9896 26.9002 -3.49314
-26.2272 25.2506 -3.46136
-27.6814 25.2658 -3.4647
-27.6413 25.2648 -3.46437
-27.7151 25.3209 -3.47342
-26.1736 25.3228 -3.47263
-26.0316 25.7604 -3.47913
-26.0263 25.8031 -3.47746
-26.027 25.8448 -3.47664
-26.0249 25.8869 -3.47543
-26.0182 25.8879 -3.47451
-26.0162 25.93 -3.47334
-26.016 25.9718 -3.47241
-26.0231 26.0125 -3.47251
-26.0183 26.0132 -3.47185
-26.0254 26.0538 -3.47196
-26.0253 26.0956 -3.47107
-27.8965 26.1147 -3.4787
-26.03 26.1366 -3.47087
-26.0457 26.176 -3.47218
-26.0621 26.2154 -3.47359
-26.0585 26.2159 -3.47308
-26.0414 26.2327 -3.46273
-26.0748 26.2553 -3.47451
-27.8837 26.2832 -3.476
-27.8513 26.281 -3.46015
-27.8307 26.2825 -3.47626
-27.7983 26.2802 -3.46001
-26.0893 26.295 -3.47568
-26.0892 26.3367 -3.47486
-26.1171 26.3747 -3.47788
-27.784 26.405 -3.46288
-26.1968 26.4013 -3.47268
-26.1435 26.4017 -3.47391
-26.2589 26.4945 -3.4619
-26.2496 26.538 -3.47744
-26.3022 26.579 -3.47743
-26.3569 26.6173 -3.47773
-26.39 26.6821 -3.47497
-26.4492 26.7149 -3.47593
-26.5117 26.7439 -3.47735
-26.5579 26.7926 -3.47657
-26.6214 26.8203 -3.47808
-27.5362 25.1398 -3.44456
-26.3679 25.1426 -3.4443
-26.3275 25.1416 -3.44427
-27.5716 25.178 -3.45063
-26.2792 25.1861 -3.45126
-27.6069 25.2165 -3.45674
-27.7984 26.2802 -3.45999
-26.1644 26.3977 -3.44442
-26.1112 26.3969 -3.44457
-27.7516 26.4026 -3.44631
-27.7351 26.4773 -3.45504
-27.6869 26.5607 -3.44601
-26.3199 26.579 -3.45209
-27.6372 26.6101 -3.44074
-27.5847 26.6093 -3.44103
-26.3782 26.638 -3.44512
-27.2763 24.9875 -3.4202
-27.3141 25.003 -3.42268
-26.5919 25.0105 -3.42349
-26.5518 25.0096 -3.42341
-27.3511 25.0247 -3.42615
-26.507 25.0366 -3.42766
-27.3877 25.0502 -3.4302
-27.4641 25.077 -3.43458
-27.4243 25.0761 -3.4343
-26.4622 25.0634 -3.43189
-26.4172 25.0906 -3.43617
-27.5008 25.1028 -3.43871
-27.7027 26.475 -3.43812
-26.2265 26.491 -3.43411
-27.6546 26.5583 -3.42875
-26.2875 26.5755 -3.42477
-27.6048 26.6076 -3.42312
-27.5523 26.6068 -3.42302
-27.5352 26.6589 -3.43577
-26.4361 26.6948 -3.4384
-27.4857 26.7073 -3.43063
-27.4354 26.7399 -3.42726
-26.5446 26.733 -3.43337
-26.492 26.7323 -3.43384
-27.3852 26.7721 -3.42394
-27.3329 26.7714 -3.42427
-26.6009 26.7769 -3.42811
-27.2826 26.7999 -3.42137
-26.6551 26.7975 -3.42545
-27.2826 26.8 -3.42133
-26.7092 26.8185 -3.42276
-27.0836 24.9389 -3.41235
-27.0445 24.9332 -3.41143
-27.0047 24.9323 -3.41125
-26.9656 24.9266 -3.41034
-26.9253 24.9291 -3.41073
-26.8848 24.933 -3.41132
-26.8442 24.9368 -3.41192
-26.8043 24.9359 -3.41179
-26.7637 24.9396 -3.41238
-27.1609 24.956 -3.41509
-27.1227 24.9446 -3.41329
-26.7207 24.9583 -3.4153
-27.1987 24.9714 -3.41754
-26.6783 24.9726 -3.41753
-27.2365 24.9865 -3.41997
-26.6359 24.9869 -3.41979
-26.6411 25.0981 -3.40933
-26.6203 25.1019 -3.40657
-26.3458 26.6346 -3.41824
-27.5028 26.6563 -3.4174
-26.4037 26.6915 -3.41195
-27.4533 26.7048 -3.4119
-27.403 26.7373 -3.40817
-26.5122 26.7297 -3.40772
-26.4597 26.7289 -3.4078
-27.3528 26.7695 -3.40448
-27.3005 26.7687 -3.40443
-26.5685 26.7737 -3.40288
-27.2502 26.7972 -3.40116
-26.6227 26.7943 -3.40063
-27.2316 26.8184 -3.4196
-27.1807 26.8364 -3.41787
-27.1295 26.8509 -3.41655
-27.0778 26.8566 -3.41621
-27.0256 26.8559 -3.41661
-26.9213 26.8576 -3.41704
-26.8686 26.8504 -3.41818
-26.8158 26.8434 -3.41929
-26.7635 26.8426 -3.41972
-26.9738 26.8613 -3.41631
-27.0329 26.977 -3.40868
-27.004 26.9801 -3.40492
-26.4693 25.172 -3.38528
-27.1992 26.8156 -3.39902
-26.6768 26.8154 -3.39834
-27.1483 26.8336 -3.39691
-26.7311 26.8395 -3.3957
-27.0972 26.848 -3.39523
-27.0454 26.8537 -3.3945
-26.9932 26.8529 -3.39451
-26.9414 26.8583 -3.39384
-26.889 26.8546 -3.39419
-26.8362 26.8473 -3.39494
-26.7834 26.8403 -3.39565
-27.035 26.9403 -3.38669
-27.0062 26.9434 -3.38296
-27.2106 24.9747 -3.36105
-26.6446 25.0612 -3.37361
-26.6238 25.065 -3.37089
-26.3879 25.2293 -3.3732
-26.3054 25.2865 -3.361
-27.6245 26.6207 -3.36103
-26.65 26.8914 -3.36172
-26.7902 26.9181 -3.37901
-26.7901 26.9607 -3.37803
-27.3754 25.0553 -3.34493
-26.4727 25.1351 -3.35011
-26.261 25.3367 -3.35384
-26.2505 25.3385 -3.35246
-26.261 25.3792 -3.35254
-26.2504 25.381 -3.35115
-26.2117 25.43 -3.34477
-26.1917 25.4334 -3.34213
-27.9112 25.7852 -3.35018
-27.2074 26.8021 -3.34243
-27.0179 26.8325 -3.35968
-26.4956 26.8246 -3.34356
-26.4779 26.8267 -3.34125
-26.571 26.8581 -3.35239
-26.7924 26.8815 -3.3566
-26.7923 26.924 -3.35594
-27.5055 25.1295 -3.33207
-26.3142 25.1317 -3.33878
-27.6034 25.1978 -3.32225
-26.3913 25.1924 -3.33846
-26.3088 25.2496 -3.32668
-26.1686 25.4796 -3.33781
-26.1609 25.4809 -3.3368
-26.1345 25.5276 -3.33205
-26.1084 25.574 -3.32736
-26.0997 25.5755 -3.32622
-26.0816 25.6205 -3.3226
-26.0757 25.6215 -3.32183
-27.8846 25.6527 -3.33044
-26.0815 25.6625 -3.32136
-26.0756 25.6635 -3.32058
-27.8911 26.2453 -3.32217
-27.785 26.4113 -3.3387
-26.3104 26.6786 -3.32339
-26.37 26.7133 -3.33016
-27.4168 26.7231 -3.32374
-26.4242 26.7488 -3.33622
-27.3093 26.7621 -3.33335
-26.4979 26.788 -3.32048
-26.4241 26.7909 -3.33522
-26.5732 26.8215 -3.32956
-26.6522 26.8548 -3.33912
-26.7678 24.9688 -3.30309
-26.6116 25.0002 -3.31384
-27.6608 25.2592 -3.31622
-26.2643 25.2999 -3.31989
-27.6599 25.3109 -3.31567
-26.2643 25.3 -3.31983
-26.2538 25.3017 -3.31852
-26.2642 25.3424 -3.3189
-26.2537 25.3442 -3.31753
-27.7226 25.3728 -3.30915
-26.215 25.3932 -3.31151
-26.195 25.3966 -3.3089
-27.7579 25.4301 -3.30523
-27.7848 25.4548 -3.30058
-26.168 25.4435 -3.30441
-27.7932 25.4872 -3.30132
-26.1417 25.4901 -3.30003
-27.8565 25.5375 -3.31324
-27.8161 25.5365 -3.31284
-26.0538 25.5582 -3.31269
-26.0126 25.5572 -3.31266
-26.0653 25.7072 -3.318
-26.0591 25.7082 -3.31718
-26.0457 25.7522 -3.31422
-26.0276 25.797 -3.31063
-26.0247 25.8393 -3.30906
-26.0199 25.84 -3.30843
-26.0269 25.8808 -3.30816
-26.019 25.882 -3.30713
-26.0215 25.9234 -3.30628
-26.0135 25.9246 -3.30523
-26.0122 25.9666 -3.3039
-26.0122 26.0083 -3.30273
-27.942 26.041 -3.30615
-26.017 26.0494 -3.30222
-26.0246 26.0899 -3.30209
-26.0186 26.0908 -3.3013
-26.0245 26.1317 -3.30095
-26.0185 26.1325 -3.30016
-27.9183 26.1417 -3.31397
-26.0295 26.1726 -3.30048
-26.0422 26.2125 -3.30103
-26.0568 26.2522 -3.30184
-26.0713 26.2918 -3.30264
-26.0859 26.3315 -3.30347
-26.0858 26.3732 -3.30238
-26.1138 26.4111 -3.30498
-26.1401 26.4494 -3.30735
-26.1377 26.4497 -3.30703
-27.6622 26.4961 -3.303
-26.1643 26.4879 -3.30945
-26.1943 26.5258 -3.31233
-27.6136 26.5413 -3.30708
-26.1943 26.5676 -3.31129
-27.565 26.5866 -3.31118
-26.2348 26.6043 -3.31555
-27.4872 26.6285 -3.31801
-26.2726 26.6414 -3.31947
-27.4862 26.6799 -3.31768
-26.3724 26.6767 -3.30627
-26.4265 26.7122 -3.31259
-26.4264 26.7543 -3.3119
-26.4802 26.7901 -3.31819
-26.9711 24.9028 -3.28755
-27.0456 24.9292 -3.28501
-27.1198 24.9556 -3.28249
-27.4311 25.1577 -3.28239
-27.5753 25.2103 -3.2956
-27.7192 25.323 -3.28075
-27.7531 25.3783 -3.28911
-26.1181 25.4296 -3.29374
-26.1417 25.4903 -3.29997
-26.1336 25.4915 -3.29897
-26.1072 25.538 -3.2946
-27.8255 25.5438 -3.29768
-27.8245 25.595 -3.29718
-26.0847 25.5838 -3.29073
-26.0788 25.5848 -3.28998
-26.0846 25.6259 -3.2898
-26.0787 25.6268 -3.28903
-27.9196 25.6501 -3.28217
-27.8431 25.6493 -3.29486
-26.0652 25.671 -3.28636
-27.8619 25.7035 -3.2925
-26.0487 25.7156 -3.28332
-27.933 25.7212 -3.28601
-27.8765 25.7569 -3.29058
-26.0306 25.7603 -3.28007
-27.9525 25.7876 -3.28921
-27.8816 25.8089 -3.28954
-27.9562 25.8663 -3.29409
-27.8868 25.8609 -3.2885
-27.8858 25.9119 -3.28804
-27.9576 25.947 -3.29921
-27.8824 25.9626 -3.28783
-27.8754 26.0127 -3.28795
-27.868 26.0628 -3.28813
-27.8478 26.1111 -3.28949
-27.8468 26.1621 -3.28908
-26.023 26.1736 -3.29964
-27.8279 26.2106 -3.29036
-27.8086 26.2591 -3.29166
-27.777 26.3061 -3.29413
-27.7444 26.353 -3.29669
-27.7119 26.3999 -3.29927
-26.1415 26.4129 -3.28139
-27.7109 26.451 -3.2989
-26.1668 26.4514 -3.28393
-26.2001 26.4888 -3.28751
-26.1936 26.4897 -3.28666
-26.1967 26.531 -3.28635
-26.186 26.5586 -3.2895
-26.2372 26.5677 -3.29088
-26.275 26.6048 -3.29506
-26.3128 26.642 -3.29926
-27.2518 24.9398 -3.27411
-27.3108 24.9768 -3.27313
-27.3689 25.0143 -3.27223
-27.4166 25.0594 -3.27241
-27.2262 25.0487 -3.26149
-27.5133 25.0684 -3.26758
-27.5567 25.1164 -3.2682
-27.595 25.1683 -3.26936
-27.6761 25.1883 -3.26613
-27.6111 25.2182 -3.2647
-27.7061 25.2463 -3.26814
-26.2318 25.2498 -3.26717
-27.6855 25.2677 -3.27239
-27.6454 25.2667 -3.27203
-27.736 25.3042 -3.27017
-26.1783 25.3217 -3.27781
-27.7659 25.3623 -3.27221
-27.8227 25.4002 -3.2715
-27.8446 25.4644 -3.27439
-27.8667 25.5283 -3.27727
-27.906 25.5794 -3.27837
-27.9658 25.738 -3.27942
-27.9352 25.7358 -3.2641
-26.0252 25.803 -3.27849
-26.0259 25.8447 -3.27769
-26.0244 25.8868 -3.27664
-26.0164 25.888 -3.2756
-25.9847 25.8831 -3.27496
-26.0151 25.93 -3.27457
-26.015 25.9717 -3.27371
-26.0227 26.0123 -3.27388
-26.0169 26.0132 -3.27312
-26.0244 26.0538 -3.27327
-26.0243 26.0955 -3.27244
-26.029 26.1365 -3.27224
-26.0449 26.1759 -3.2735
-26.0615 26.2153 -3.27486
-26.0575 26.2159 -3.27433
-26.074 26.2552 -3.27569
-26.058 26.2631 -3.26157
-26.0885 26.2949 -3.27681
-26.0884 26.3366 -3.27602
-26.0498 26.3375 -3.26596
-26.1164 26.3746 -3.2789
-27.017 25.0134 -3.24495
-26.9563 25.0359 -3.24223
-27.1461 25.0538 -3.25633
-27.4683 25.0783 -3.24341
-27.4285 25.0773 -3.2431
-26.4216 25.0908 -3.2436
-27.505 25.1041 -3.24738
-27.5403 25.1415 -3.25305
-26.3724 25.1422 -3.25119
-26.332 25.1413 -3.25112
-27.5757 25.1797 -3.25884
-26.2837 25.1858 -3.25771
-25.9541 25.8794 -3.24508
-27.9291 26.1092 -3.24126
-27.0878 24.9399 -3.22179
-27.0487 24.9342 -3.22087
-27.0089 24.9333 -3.22065
-26.9296 24.9299 -3.22003
-26.889 24.9336 -3.22052
-26.8485 24.9374 -3.22105
-26.8086 24.9365 -3.22088
-27.1651 24.9571 -3.22451
-27.1269 24.9456 -3.22272
-26.768 24.9402 -3.2214
-26.725 24.9587 -3.2241
-27.2029 24.9724 -3.22685
-26.6827 24.973 -3.22619
-27.2804 24.9887 -3.22949
-27.2407 24.9877 -3.22923
-26.6402 24.9873 -3.22828
-27.3183 25.004 -3.23189
-26.8537 25.0193 -3.23418
-26.5963 25.0105 -3.23169
-26.5562 25.0096 -3.23158
-27.3553 25.0261 -3.23526
-26.5114 25.0366 -3.23557
-27.3918 25.0516 -3.23915
-26.8026 25.0505 -3.2327
-26.7133 25.0457 -3.22632
-26.4666 25.0637 -3.23957
-26.6711 25.085 -3.22596
-26.5874 25.0851 -3.2203
-26.5521 25.1308 -3.22083
-26.0289 25.6632 -3.22023
-26.017 25.7322 -3.22396
-25.9896 25.786 -3.22567
-25.9848 25.8623 -3.23036
-27.8986 26.107 -3.22572
-26.0745 26.237 -3.23792
-27.8839 26.2776 -3.22403
-27.831 26.2768 -3.22425
-26.1442 26.3998 -3.22065
-26.1974 26.4006 -3.22015
-26.1441 26.4 -3.2206
-26.9699 24.9275 -3.21975
-26.6393 25.0968 -3.2051
-26.614 25.1013 -3.20196
-26.4822 25.1435 -3.21692
-26.4476 25.1898 -3.21755
-26.3838 25.2082 -3.21444
-26.3254 25.2317 -3.21203
-26.2966 25.2834 -3.21342
-26.2433 25.3116 -3.21168
-26.2198 25.3685 -3.21378
-26.1727 25.4028 -3.21285
-26.1465 25.4571 -3.21463
-26.1105 25.5021 -3.21515
-26.0924 25.5647 -3.21802
-26.0663 25.5797 -3.21411
-26.0568 25.6101 -3.21862
-26.045 25.7169 -3.20401
-26.044 26.2333 -3.20875
-27.8534 26.2754 -3.20819
-27.8005 26.2746 -3.20801
-27.7843 26.4003 -3.21167
-27.7354 26.4727 -3.20436
-26.2594 26.4935 -3.21014
-26.3203 26.5776 -3.20105
-27.5851 26.7165 -3.21721
-27.4449 26.777 -3.20604
-27.0383 26.9747 -3.20448
-27.0038 26.9784 -3.20025
-26.4742 25.1694 -3.18329
-26.4588 25.1722 -3.18137
-26.052 25.817 -3.19774
-26.0637 25.9111 -3.19209
-26.0259 26.0676 -3.18007
-27.7538 26.398 -3.19511
-26.1668 26.3971 -3.1919
-26.1136 26.3963 -3.19201
-27.7049 26.4704 -3.18745
-26.2289 26.4901 -3.18237
-27.6873 26.5568 -3.19586
-27.6375 26.6061 -3.19094
-27.585 26.6054 -3.19121
-26.3786 26.6367 -3.19456
-27.5355 26.6549 -3.18628
-26.4365 26.6932 -3.18833
-27.486 26.7037 -3.18146
-26.545 26.7314 -3.18366
-26.4925 26.7306 -3.18409
-27.3089 26.833 -3.19537
-27.1772 26.8846 -3.18521
-27.0849 26.8899 -3.18009
-27.0405 26.9395 -3.18247
-26.6427 25.0613 -3.16939
-26.6174 25.0659 -3.16628
-26.3936 25.2266 -3.17198
-26.3766 25.2296 -3.16987
-26.3091 25.2841 -3.16022
-27.6759 25.3145 -3.17212
-26.0256 26.068 -3.17984
-26.0621 26.1299 -3.17758
-26.0989 26.1911 -3.17551
-26.1321 26.2567 -3.17275
-26.138 26.3565 -3.16649
-26.1833 26.4068 -3.16546
-26.2298 26.4554 -3.16462
-26.25 26.5365 -3.16033
-27.6568 26.5544 -3.1786
-26.3023 26.5779 -3.16027
-26.2898 26.5742 -3.17374
-27.607 26.6037 -3.17332
-27.5545 26.6029 -3.17321
-26.3578 26.6153 -3.16073
-26.3481 26.6333 -3.16768
-27.505 26.6524 -3.16792
-26.4033 26.6882 -3.16123
-27.4555 26.7012 -3.16274
-27.4357 26.736 -3.17834
-26.513 26.7413 -3.16042
-27.3855 26.7685 -3.1752
-27.3332 26.7677 -3.17551
-26.6013 26.7753 -3.17878
-27.2829 26.7967 -3.17276
-26.6555 26.7959 -3.1763
-27.2319 26.8152 -3.1711
-26.7095 26.8162 -3.17387
-26.6232 26.8172 -3.16102
-27.181 26.8332 -3.16949
-26.7638 26.8398 -3.17111
-26.6961 26.8337 -3.16368
-27.1299 26.848 -3.16821
-27.0781 26.8538 -3.16789
-27.0259 26.853 -3.16824
-26.9741 26.8584 -3.16797
-26.9217 26.855 -3.16861
-26.8689 26.8477 -3.16966
-26.8161 26.8405 -3.17072
-26.7563 26.8657 -3.16471
-26.9927 26.8956 -3.17495
-26.9117 26.8881 -3.17125
-26.8306 26.8809 -3.16754
-26.6757 26.8868 -3.16279
-26.791 26.9163 -3.17601
-27.006 26.9432 -3.17828
-26.7909 26.9589 -3.17507
-26.4699 25.1354 -3.14716
-26.2974 25.2862 -3.15876
-26.2535 25.3363 -3.15206
-26.2534 25.3788 -3.15081
-26.2107 25.4285 -3.14428
-26.1891 25.4322 -3.14159
-27.85 25.6182 -3.14921
-27.8502 25.7282 -3.14309
-27.9152 25.7889 -3.15479
-26.3946 26.6826 -3.15904
-26.4473 26.7164 -3.15859
-27.4052 26.7334 -3.15926
-26.5145 26.7281 -3.15802
-26.4619 26.7273 -3.15807
-27.355 26.7659 -3.15576
-27.3027 26.7651 -3.15567
-26.5708 26.7721 -3.15356
-27.2524 26.794 -3.15256
-26.625 26.7927 -3.15148
-26.5592 26.79 -3.15952
-27.2014 26.8124 -3.15053
-26.679 26.8131 -3.14945
-27.1505 26.8304 -3.14854
-26.7856 26.8375 -3.14709
-26.7332 26.8367 -3.1471
-26.4965 26.8228 -3.14268
-26.4777 26.825 -3.14037
-27.0994 26.8452 -3.14689
-27.0476 26.8509 -3.14619
-26.9954 26.8501 -3.14616
-26.9436 26.8554 -3.14551
-26.8912 26.852 -3.14576
-26.8384 26.8447 -3.14642
-26.6779 26.8517 -3.14017
-26.5711 26.8564 -3.1509
-26.8006 26.8804 -3.15448
-26.7859 26.882 -3.1527
-26.6472 26.89 -3.1593
-26.8005 26.9229 -3.15386
-26.7858 26.9246 -3.15207
-26.3888 25.1926 -3.13622
-26.38 25.1942 -3.13512
-26.3066 25.2498 -3.12517
-26.1676 25.4781 -3.13771
-26.1583 25.4797 -3.13655
-26.1327 25.5262 -3.13217
-26.1076 25.5725 -3.12785
-26.0904 25.5753 -3.12573
-26.0808 25.619 -3.12334
-26.0737 25.6201 -3.12247
-27.8886 25.6564 -3.13603
-26.0807 25.661 -3.12215
-26.0736 25.6621 -3.12128
-27.8955 25.8877 -3.13266
-27.8625 25.9604 -3.12978
-27.8798 26.0879 -3.12211
-27.835 26.1473 -3.12039
-26.314 26.6765 -3.12411
-26.3698 26.7117 -3.13
-26.424 26.7472 -3.1357
-26.6087 26.7734 -3.12979
-26.5142 26.7821 -3.13274
-26.424 26.7892 -3.13474
-26.5733 26.8213 -3.12805
-26.6494 26.8549 -3.1367
-27.2162 24.9763 -3.11291
-26.263 25.2999 -3.11889
-26.263 25.3 -3.11882
-26.2506 25.3021 -3.11735
-26.2629 25.3424 -3.11795
-26.2505 25.3445 -3.11641
-26.2139 25.3932 -3.11101
-26.1923 25.3969 -3.10835
-27.7889 25.4573 -3.10741
-26.1661 25.4436 -3.10423
-26.1409 25.4901 -3.10023
-27.8606 25.5399 -3.11951
-27.8202 25.539 -3.11907
-26.0588 25.5556 -3.11619
-26.0176 25.5547 -3.11612
-26.0644 25.7056 -3.11898
-26.0568 25.7068 -3.11802
-26.0442 25.7508 -3.11531
-26.0263 25.7955 -3.11193
-26.0239 25.8377 -3.1105
-26.0181 25.8387 -3.10977
-26.0262 25.8792 -3.10966
-26.0176 25.8805 -3.10858
-26.0211 25.9218 -3.10789
-26.0121 25.9232 -3.10677
-26.0113 25.9651 -3.10556
-26.0113 26.0068 -3.10446
-26.0161 26.0478 -3.10394
-26.0242 26.0883 -3.10386
-26.0172 26.0894 -3.10298
-26.0241 26.1301 -3.10276
-26.0171 26.1311 -3.1019
-27.8523 26.1752 -3.10922
-26.0254 26.1716 -3.10184
-27.8499 26.22 -3.1079
-26.0437 26.2106 -3.10304
-26.039 26.2113 -3.10247
-27.8321 26.2521 -3.11469
-26.0559 26.2506 -3.10349
-27.8467 26.2649 -3.10648
-26.0704 26.2903 -3.10422
-27.8431 26.3098 -3.10505
-27.782 26.3055 -3.1135
-26.085 26.33 -3.10497
-27.843 26.3542 -3.10402
-26.0849 26.3717 -3.10393
-27.839 26.3991 -3.10255
-27.7635 26.393 -3.10933
-26.1131 26.4096 -3.10638
-27.8357 26.4439 -3.10117
-26.1383 26.4479 -3.10846
-27.7462 26.4815 -3.10507
-26.1636 26.4864 -3.11057
-27.6796 26.5169 -3.10547
-26.1938 26.5242 -3.11327
-26.1937 26.566 -3.11226
-27.6474 26.5892 -3.10263
-26.2343 26.6027 -3.11628
-27.5827 26.6266 -3.10287
-26.2721 26.6398 -3.11993
-26.3201 26.6409 -3.10042
-26.3721 26.6765 -3.10611
-27.5377 26.6851 -3.10126
-27.4642 26.7133 -3.10233
-26.4264 26.712 -3.11207
-26.4263 26.7541 -3.11141
-27.4157 26.7681 -3.10106
-26.4987 26.7877 -3.1196
-26.4799 26.7899 -3.11731
-27.3577 26.8128 -3.1007
-27.2774 26.8341 -3.10241
-27.0168 26.8331 -3.11263
-27.2089 26.8681 -3.10302
-27.1209 26.8817 -3.10544
-27.3224 25.016 -3.08001
-27.4307 25.041 -3.0914
-27.3809 25.0568 -3.09811
-27.4708 25.0784 -3.09481
-27.5098 25.1308 -3.08642
-27.4678 25.1233 -3.09321
-27.4677 25.1677 -3.09197
-27.4645 25.2127 -3.09036
-27.4614 25.2575 -3.08878
-27.6896 25.2697 -3.08049
-27.6495 25.2687 -3.08011
-27.4582 25.3024 -3.0872
-27.7233 25.3249 -3.08843
-26.1829 25.3208 -3.08346
-27.4552 25.3472 -3.08564
-27.7572 25.3802 -3.09641
-27.4503 25.3923 -3.08386
-27.4502 25.4365 -3.08266
-26.123 25.4272 -3.09829
-27.4469 25.4812 -3.08111
-26.1309 25.4917 -3.09901
-26.1107 25.5372 -3.09564
-26.0935 25.5401 -3.09354
-26.0839 25.5837 -3.09148
-26.0768 25.5849 -3.09061
-26.0838 25.6258 -3.09059
-26.0767 25.6269 -3.08973
-26.0675 25.6704 -3.08774
-26.0599 25.6716 -3.0868
-26.0472 25.7156 -3.0844
-26.0293 25.7603 -3.08136
-27.855 26.1412 -3.08133
-27.8526 26.1861 -3.08034
-26.1157 26.3745 -3.08029
-26.1408 26.4128 -3.08265
-26.1661 26.4512 -3.08504
-27.8324 26.4886 -3.0998
-26.1963 26.4891 -3.08802
-27.8293 26.5333 -3.09845
-26.1962 26.5309 -3.08732
-26.2367 26.5676 -3.0916
-27.7982 26.5813 -3.0939
-26.2745 26.6047 -3.09552
-27.7981 26.6256 -3.09292
-26.3127 26.6418 -3.09952
-27.7478 26.6757 -3.08617
-27.3095 26.7629 -3.0883
-27.1781 26.7995 -3.09919
-27.1481 25.0032 -3.06093
-27.5445 25.1428 -3.06186
-27.6071 25.199 -3.07746
-27.5798 25.1812 -3.06743
-26.2882 25.1854 -3.06459
-27.6152 25.2197 -3.07303
-26.2365 25.2486 -3.07341
-27.6642 25.2604 -3.07195
-27.6632 25.312 -3.07145
-27.7257 25.3739 -3.0655
-26.2066 25.3736 -3.06566
-26.1512 25.3668 -3.06669
-26.427 25.3938 -3.06232
-26.3723 25.393 -3.06274
-26.3171 25.3865 -3.0637
-26.2618 25.3801 -3.06468
-26.0993 25.3964 -3.06422
-26.0446 25.3956 -3.06469
-26.5373 25.4067 -3.06044
-26.4822 25.4002 -3.06138
-27.761 25.4312 -3.0619
-27.4435 25.526 -3.07954
-27.4403 25.5706 -3.07801
-27.439 25.6149 -3.07671
-27.4409 25.6587 -3.07579
-27.4377 25.7033 -3.07428
-27.8038 25.7418 -3.06118
-27.4353 25.7478 -3.07285
-27.432 25.7923 -3.07136
-26.0239 25.803 -3.07987
-27.4297 25.8366 -3.06999
-26.0248 25.8447 -3.07916
-27.4262 25.8811 -3.06849
-26.024 25.8866 -3.07824
-26.015 25.888 -3.07713
-27.4261 25.9251 -3.06738
-26.0141 25.9299 -3.07623
-27.4234 25.9694 -3.06598
-26.0142 25.9716 -3.07543
-27.4201 26.0138 -3.06453
-26.022 26.0122 -3.07561
-26.0156 26.0131 -3.07482
-27.4178 26.058 -3.06319
-26.0234 26.0537 -3.07499
-26.0233 26.0954 -3.07421
-27.414 26.1024 -3.06168
-26.0281 26.1364 -3.07402
-27.4094 26.1468 -3.0601
-26.0441 26.1758 -3.07522
-26.061 26.2151 -3.07654
-26.0561 26.2158 -3.07595
-27.8493 26.231 -3.07924
-27.5158 26.2202 -3.07031
-26.073 26.2552 -3.07726
-27.8457 26.2759 -3.07815
-27.5163 26.2641 -3.06936
-26.0876 26.2948 -3.07831
-27.516 26.3081 -3.06829
-27.8456 26.3203 -3.07744
-26.0875 26.3366 -3.07757
-27.5155 26.352 -3.06722
-27.8415 26.3652 -3.0763
-27.5154 26.3959 -3.0662
-27.8382 26.41 -3.07525
-27.8349 26.4547 -3.0742
-27.513 26.4401 -3.06494
-27.8318 26.4994 -3.07318
-27.664 26.497 -3.0602
-27.5129 26.484 -3.06395
-27.5129 26.5278 -3.06295
-27.8007 26.5475 -3.06898
-27.6154 26.5422 -3.06396
-27.5128 26.5716 -3.06197
-27.8005 26.5917 -3.06833
-27.5671 26.5876 -3.06772
-27.5156 26.6151 -3.06133
-27.4889 26.6295 -3.07403
-27.7502 26.6418 -3.06195
-27.5155 26.6589 -3.06037
-27.488 26.6808 -3.07375
-27.6954 26.7258 -3.07919
-27.4173 26.7239 -3.07943
-27.3259 24.9819 -3.04367
-27.4342 25.007 -3.05524
-27.3224 25.005 -3.04148
-26.6006 25.0105 -3.04032
-26.5606 25.0096 -3.04017
-27.3594 25.0274 -3.04477
-26.5158 25.0366 -3.0439
-27.4742 25.0443 -3.05892
-27.396 25.0529 -3.04851
-27.1474 25.0473 -3.05958
-27.4724 25.0797 -3.05263
-27.4326 25.0787 -3.0523
-26.471 25.0637 -3.04765
-27.4712 25.0893 -3.05765
-27.1467 25.0914 -3.05825
-26.426 25.0908 -3.05141
-27.5091 25.1055 -3.05644
-27.4711 25.1337 -3.05673
-27.1459 25.1354 -3.05691
-26.3769 25.1419 -3.05851
-26.3365 25.141 -3.0584
-27.4679 25.1786 -3.05545
-27.1454 25.1794 -3.05562
-27.4648 25.2235 -3.0542
-27.1453 25.2233 -3.05438
-27.4615 25.2684 -3.05295
-27.1445 25.2673 -3.05308
-27.4585 25.3132 -3.05172
-27.1438 25.3113 -3.05179
-27.4535 25.3583 -3.05026
-27.143 25.3552 -3.0505
-27.1424 25.3991 -3.04923
-27.4534 25.4025 -3.04939
-26.6475 25.4199 -3.05854
-26.5924 25.4131 -3.05951
-27.8186 25.4327 -3.0442
-26.8121 25.4354 -3.0562
-26.757 25.4272 -3.05726
-26.702 25.4207 -3.05817
-26.6474 25.4201 -3.05849
-27.4501 25.4472 -3.04816
-27.1418 25.4429 -3.04799
-27.0314 25.4581 -3.05298
-26.9764 25.4494 -3.05405
-26.922 25.4487 -3.05439
-26.8671 25.4418 -3.0553
-27.3043 25.4779 -3.04996
-27.25 25.4771 -3.05024
-27.1952 25.4706 -3.05107
-27.1408 25.4688 -3.05148
-27.0861 25.4627 -3.0523
-27.7961 25.4883 -3.05833
-27.4681 25.4968 -3.04756
-27.4466 25.492 -3.04693
-27.4135 25.4904 -3.04837
-27.3589 25.484 -3.04917
-27.1417 25.4867 -3.0468
-27.8158 25.5105 -3.04852
-27.6859 25.5164 -3.04502
-27.6314 25.5104 -3.04575
-27.5769 25.504 -3.04653
-27.5227 25.5033 -3.04677
-26.002 25.5153 -3.0536
-27.8489 25.5301 -3.0433
-27.7948 25.5293 -3.04351
-27.7404 25.5229 -3.04425
-27.4434 25.5366 -3.04572
-27.141 25.5305 -3.04555
-27.8282 25.5448 -3.05502
-27.1402 25.5743 -3.04431
-27.8272 25.5961 -3.05457
-27.8117 25.5873 -3.0527
-27.4421 25.581 -3.04475
-27.1394 25.6181 -3.04306
-27.444 25.6248 -3.04415
-27.8458 25.6503 -3.05244
-27.8089 25.6655 -3.05707
-27.4408 25.6694 -3.04296
-27.139 25.6618 -3.04187
-27.8647 25.7045 -3.0503
-27.4383 25.7138 -3.04186
-27.879 25.7579 -3.04856
-27.4349 25.7583 -3.04069
-27.8841 25.8099 -3.04761
-27.8892 25.8619 -3.04667
-27.3549 25.8905 -3.04183
-27.8882 25.9129 -3.04627
-27.8845 25.9636 -3.0461
-27.3482 25.9658 -3.04584
-27.8774 26.0137 -3.04623
-27.3466 26.0461 -3.05048
-27.8704 26.0638 -3.04637
-27.8502 26.1121 -3.04764
-27.3411 26.1228 -3.05467
-27.8493 26.1631 -3.04728
-27.5184 26.1863 -3.04277
-27.4093 26.1907 -3.05906
-27.83 26.2116 -3.04848
-27.3366 26.2008 -3.05901
-27.5189 26.2302 -3.04214
-27.8109 26.2602 -3.04967
-27.5186 26.2742 -3.04139
-27.7791 26.3071 -3.05198
-27.5181 26.3182 -3.04064
-27.7466 26.3539 -3.05435
-26.9023 26.3582 -3.04169
-27.7142 26.401 -3.0567
-26.8965 26.4354 -3.04596
-27.7133 26.452 -3.05638
-26.8928 26.515 -3.05052
-26.8904 26.5961 -3.05525
-27.6156 26.6348 -3.04921
-26.8838 26.6732 -3.05949
-27.6978 26.692 -3.05534
-27.515 26.7027 -3.05936
-27.5147 26.7465 -3.05839
-27.5144 26.7903 -3.05743
-27.5141 26.834 -3.05646
-26.4553 26.8317 -3.04321
-27.514 26.8778 -3.05554
-26.6621 26.8721 -3.05811
-26.5806 26.8742 -3.05333
-27.4964 26.9234 -3.05261
-27.0529 24.9349 -3.03068
-27.0132 24.934 -3.03043
-26.9741 24.9282 -3.02952
-26.9338 24.9305 -3.02972
-26.8933 24.9341 -3.03015
-26.8527 24.938 -3.0306
-26.8129 24.9371 -3.03039
-27.1693 24.9581 -3.0343
-27.1311 24.9464 -3.03254
-27.092 24.9407 -3.0316
-26.7723 24.9408 -3.03084
-26.7294 24.959 -3.03329
-27.2071 24.9735 -3.03659
-27.1517 24.9691 -3.02451
-26.687 24.9734 -3.03525
-27.2846 24.9898 -3.03919
-27.2449 24.9888 -3.03889
-26.6445 24.9877 -3.03718
-27.1508 25.0133 -3.02348
-27.1501 25.0574 -3.02247
-27.1493 25.1014 -3.02146
-26.3362 25.1229 -3.02294
-27.1488 25.1454 -3.02048
-26.2332 25.3766 -3.03678
-26.1779 25.3701 -3.03735
-26.1226 25.3632 -3.03796
-26.4536 25.3969 -3.0351
-26.3984 25.3905 -3.03563
-26.3437 25.3896 -3.03565
-26.2885 25.3831 -3.0362
-26.0707 25.3928 -3.03512
-26.0159 25.392 -3.03519
-26.6734 25.4176 -3.03352
-26.6189 25.4168 -3.03348
-26.5638 25.4099 -3.03404
-26.5087 25.4035 -3.03456
-26.8384 25.4389 -3.03186
-26.7835 25.4324 -3.03235
-26.7284 25.4242 -3.03301
-27.0575 25.4598 -3.03047
-27.0028 25.4552 -3.03075
-26.9478 25.4465 -3.03142
-26.8934 25.4457 -3.03135
-27.2757 25.4752 -3.02974
-27.2213 25.4744 -3.02962
-27.1666 25.4679 -3.03005
-27.1122 25.466 -3.03005
-27.4395 25.4942 -3.02855
-27.3849 25.4878 -3.02895
-27.3303 25.4813 -3.02935
-27.6573 25.5141 -3.02761
-27.6028 25.5081 -3.02794
-27.5483 25.5016 -3.02832
-27.4941 25.5008 -3.02816
-27.3712 25.5014 -3.02004
-25.9733 25.5117 -3.0238
-27.8203 25.5279 -3.0271
-27.7662 25.5271 -3.02691
-27.7117 25.5206 -3.02725
-27.3685 25.5793 -3.02443
-26.9818 25.63 -3.02021
-27.3633 25.6552 -3.02854
-27.0616 25.7174 -3.03176
-27.3607 25.7336 -3.03297
-27.0604 25.7611 -3.0305
-27.4326 25.8027 -3.03965
-27.3573 25.8115 -3.03734
-27.0611 25.8044 -3.02945
-27.4291 25.8472 -3.03847
-27.0607 25.8479 -3.02831
-27.429 25.8912 -3.03769
-27.0609 25.8913 -3.02723
-27.4263 25.9355 -3.03661
-27.0601 25.9348 -3.02606
-27.423 25.9799 -3.03548
-27.06 25.9782 -3.02497
-27.4206 26.0241 -3.03447
-27.0597 26.0216 -3.02387
-26.9167 26.0429 -3.02375
-27.4167 26.0685 -3.03328
-27.0602 26.0648 -3.02287
-27.4121 26.113 -3.03203
-27.0589 26.1083 -3.02166
-26.9116 26.1198 -3.02801
-27.412 26.1568 -3.03131
-27.0593 26.1515 -3.02065
-26.9092 26.1998 -3.03264
-26.9047 26.2778 -3.03702
-27.518 26.3621 -3.03995
-27.7831 26.4197 -3.02812
-27.5156 26.4063 -3.03901
-27.5154 26.4501 -3.03833
-27.5153 26.494 -3.03766
-27.5152 26.5378 -3.037
-27.518 26.5813 -3.03668
-27.5179 26.6251 -3.03603
-27.5174 26.6689 -3.03535
-27.5171 26.7127 -3.0347
-27.5166 26.7565 -3.03405
-27.5163 26.8002 -3.03341
-27.5162 26.844 -3.03281
-27.4986 26.8896 -3.03021
-26.6231 24.9986 -3.00133
-27.1487 25.1893 -3.01957
-27.1479 25.2333 -3.01859
-27.1471 25.2773 -3.01762
-26.9614 25.3194 -3.00303
-27.1463 25.3212 -3.01665
-27.1456 25.3651 -3.0157
-26.9647 25.3981 -3.00745
-27.145 25.409 -3.01478
-27.3765 25.4262 -3.01599
-27.1449 25.4527 -3.01392
-26.9758 25.4713 -3.01119
-27.1442 25.4966 -3.01298
-27.1433 25.5404 -3.01206
-26.9787 25.5506 -3.01569
-27.1425 25.5842 -3.01114
-27.142 25.6279 -3.01027
-27.0646 25.6835 -3.00056
-26.9241 25.8867 -3.01492
-26.9191 25.9634 -3.01917
-27.9189 26.1481 -3.00516
-27.0594 26.1948 -3.01963
-27.0593 26.2381 -3.01859
-27.8912 26.2523 -3.01279
-26.4866 26.3618 -3.01659
-26.7759 24.9697 -2.99198
-26.9581 25.2409 -2.9986
-27.0634 25.7272 -2.99962
-27.064 25.7705 -2.9989
-27.9547 25.7927 -2.98208
-27.0636 25.814 -2.99807
-27.0638 25.8574 -2.99731
-27.9584 25.8715 -2.98662
-27.063 25.9009 -2.99646
-27.9592 25.9526 -2.99145
-27.0629 25.9443 -2.99569
-27.8986 25.9871 -2.98535
-27.8573 25.9879 -2.98511
-27.816 25.989 -2.98489
-27.7748 25.988 -2.98443
-27.7335 25.989 -2.98423
-27.6921 25.9901 -2.98405
-27.6509 25.9898 -2.98369
-27.6094 25.991 -2.98354
-27.5682 25.9901 -2.98311
-27.5268 25.9911 -2.98296
-27.4853 25.9921 -2.9828
-27.4438 25.9932 -2.98267
-27.4023 25.9944 -2.98256
-27.3608 25.9955 -2.98244
-27.3195 25.9945 -2.98205
-27.2779 25.9956 -2.98195
-27.2362 25.998 -2.98203
-27.1945 25.999 -2.98193
-27.1529 25.9998 -2.98182
-27.1116 25.9989 -2.98148
-27.0644 25.9904 -2.99148
-27.0283 26.0006 -2.9813
-26.9866 26.001 -2.98116
-26.9449 26.0025 -2.98116
-26.9031 26.0033 -2.9811
-26.8617 26.0023 -2.9808
-26.8199 26.0036 -2.98081
-26.7781 26.004 -2.98072
-26.7361 26.0067 -2.98092
-26.6942 26.0079 -2.98094
-26.6526 26.0069 -2.98069
-26.6108 26.0069 -2.98057
-26.5689 26.008 -2.9806
-26.527 26.009 -2.98063
-26.485 26.0103 -2.9807
-26.4429 26.0115 -2.98077
-26.4012 26.0105 -2.98056
-26.3592 26.0116 -2.98063
-26.3171 26.0128 -2.98073
-26.275 26.0138 -2.9808
-26.2329 26.0148 -2.98089
-26.1911 26.0139 -2.98072
-26.1489 26.015 -2.98083
-26.1067 26.0162 -2.98096
-26.0645 26.0172 -2.98109
-27.063 26.031 -2.99422
-27.9433 26.047 -2.99789
-27.0616 26.0745 -2.99333
-27.062 26.1177 -2.99263
-27.0621 26.161 -2.99193
-27.062 26.2042 -2.99121
-26.9778 24.9047 -2.97808
-27.0523 24.9311 -2.97588
-27.2578 24.9421 -2.96623
-27.1265 24.9575 -2.9737
-27.7101 25.25 -2.96181
-27.74 25.3079 -2.96376
-27.7699 25.366 -2.96573
-27.8261 25.4044 -2.96523
-27.848 25.4686 -2.96796
-27.8701 25.5326 -2.97068
-27.9091 25.5839 -2.97183
-27.9225 25.6548 -2.97541
-27.936 25.7256 -2.97897
-27.6801 25.192 -2.95988
-25.9523 25.5239 -2.95727
-25.9321 25.5752 -2.95839
-25.9311 25.6294 -2.958
-25.9105 25.6807 -2.95916
-25.9088 25.7348 -2.95884
-25.9016 25.788 -2.95897
-25.894 25.8413 -2.95913
-25.893 25.8954 -2.95879
-25.8979 25.9503 -2.958
-25.9034 26.0052 -2.95716
-25.903 26.0593 -2.95679
-25.9226 26.116 -2.95488
-25.9424 26.1727 -2.95294
-25.9414 26.2266 -2.95264
-25.9579 26.2827 -2.95099
-26.0635 25.5543 -2.9203
-26.0224 25.5533 -2.92018
-26.0914 25.6297 -2.93021
